Res1	Res2	AA1	AA2	NumRes1_Ref	Chain1_Ref	NumRes2_Ref	Chain2_Ref	Prot_Ref	NoContacts	FreqConts	pNEU	pMIN	pMAX	HNEU	HMIN	HMAX	Htotal	ICNEU	ICMIN	ICMAX	ICtotal	FstConserved
1	3	M	L	1	A	3	A	1AYI_A	20	0.9523809523809523	0.0	1.0	0.0	0	-0.0	0	0.0	0.0	1.360964047443681	0.0	1.360964047443681	MIN
1	4	M	K	1	A	4	A	1AYI_A	12	0.5714285714285714	1.0	0.0	0.0	-0.0	0	0	0.0	1.360964047443681	0.0	0.0	1.360964047443681	NEU
1	14	M	E	1	A	14	A	1AYI_A	19	0.9047619047619048	0.9473684210526315	0.05263157894736842	0.0	0.07389711663278514	0.22357513228650452	0	0.2974722489192897	1.007518545970476	0.05597325255391534	0.0	1.0634917985243915	NEU
1	17	M	Q	1	A	17	A	1AYI_A	19	0.9047619047619048	0.9473684210526315	0.05263157894736842	0.0	0.07389711663278514	0.22357513228650452	0	0.2974722489192897	1.007518545970476	0.05597325255391534	0.0	1.0634917985243915	NEU
1	18	M	L	1	A	18	A	1AYI_A	20	0.9523809523809523	0.1	0.9	0.0	0.33219280948873625	0.13680278410054497	0	0.4689955935892812	0.08919684538543998	0.8027716084689599	0.0	0.8919684538543998	MIN
1	20	M	K	1	A	20	A	1AYI_A	14	0.6666666666666666	0.14285714285714285	0.8571428571428571	0.0	0.4010507031510864	0.19062207543124116	0	0.5916727785823275	0.10989875269447907	0.6593925161668744	0.0	0.7692912688613536	MIN
1	21	M	E	1	A	21	A	1AYI_A	20	0.9523809523809523	0.9	0.1	0.0	0.13680278410054497	0.33219280948873625	0	0.4689955935892812	0.8027716084689599	0.08919684538543998	0.0	0.8919684538543998	NEU
1	36	M	V	1	A	36	A	1AYI_A	2	0.09523809523809523	0.5	0.5	0.0	0.5	0.5	0	1.0	0.18048202372184052	0.18048202372184052	0.0	0.36096404744368105	MIN
1	37	M	L	1	A	37	A	1AYI_A	20	0.9523809523809523	0.0	1.0	0.0	0	-0.0	0	0.0	0.0	1.360964047443681	0.0	1.360964047443681	MIN
1	40	M	H	1	A	40	A	1AYI_A	2	0.09523809523809523	0.5	0.5	0.0	0.5	0.5	0	1.0	0.18048202372184052	0.18048202372184052	0.0	0.36096404744368105	MIN
2	4	E	K	2	A	4	A	1AYI_A	20	0.9523809523809523	0.85	0.15	0.0	0.19929546559146952	0.4105448391249309	0	0.6098403047164004	0.6384551813181886	0.1126685614090921	0.0	0.7511237427272807	NEU
2	9	E	D	2	A	9	A	1AYI_A	7	0.3333333333333333	1.0	0.0	0.0	-0.0	0	0	0.0	1.360964047443681	0.0	0.0	1.360964047443681	NEU
2	10	E	Y	2	A	10	A	1AYI_A	2	0.09523809523809523	0.5	0.0	0.5	0.5	0	0.5	1.0	0.18048202372184052	0.0	0.18048202372184052	0.36096404744368105	NEU
2	14	E	E	2	A	14	A	1AYI_A	19	0.9047619047619048	0.8947368421052632	0.10526315789473684	0.0	0.14357365406764125	0.34188710667827216	0	0.4854607607459134	0.7833450459927395	0.09215824070502818	0.0	0.8755032866977677	NEU
2	18	E	L	2	A	18	A	1AYI_A	3	0.14285714285714285	1.0	0.0	0.0	-0.0	0	0	0.0	1.360964047443681	0.0	0.0	1.360964047443681	NEU
3	5	L	N	3	A	5	A	1AYI_A	21	1.0	1.0	0.0	0.0	-0.0	0	0	0.0	1.360964047443681	0.0	0.0	1.360964047443681	NEU
3	18	L	L	3	A	18	A	1AYI_A	20	0.9523809523809523	0.05	0.95	0.0	0.21609640474436814	0.07030055237158808	0	0.28639695711595625	0.053728354516386245	1.0208387358113387	0.0	1.074567090327725	MIN
3	36	L	V	3	A	36	A	1AYI_A	20	0.9523809523809523	0.95	0.05	0.0	0.07030055237158808	0.21609640474436814	0	0.28639695711595625	1.0208387358113387	0.053728354516386245	0.0	1.074567090327725	NEU
3	37	L	L	3	A	37	A	1AYI_A	20	0.9523809523809523	0.0	1.0	0.0	0	-0.0	0	0.0	0.0	1.360964047443681	0.0	1.360964047443681	MIN
3	40	L	H	3	A	40	A	1AYI_A	20	0.9523809523809523	0.1	0.9	0.0	0.33219280948873625	0.13680278410054497	0	0.4689955935892812	0.08919684538543998	0.8027716084689599	0.0	0.8919684538543998	MIN
3	43	L	K	3	A	43	A	1AYI_A	7	0.3333333333333333	1.0	0.0	0.0	-0.0	0	0	0.0	1.360964047443681	0.0	0.0	1.360964047443681	NEU
3	44	L	I	3	A	44	A	1AYI_A	20	0.9523809523809523	0.0	1.0	0.0	0	-0.0	0	0.0	0.0	1.360964047443681	0.0	1.360964047443681	MIN
4	6	K	S	4	A	6	A	1AYI_A	21	1.0	0.7619047619047619	0.047619047619047616	0.19047619047619047	0.2989085125933412	0.2091579725132743	0.4556795091007162	0.9637459942073316	0.3026423262753138	0.018915145392207112	0.07566058156882845	0.3972180532363494	NEU
4	7	K	I	4	A	7	A	1AYI_A	21	1.0	1.0	0.0	0.0	-0.0	0	0	0.0	1.360964047443681	0.0	0.0	1.360964047443681	NEU
4	8	K	S	4	A	8	A	1AYI_A	21	1.0	0.9047619047619048	0.09523809523809523	0.0	0.1306384893984915	0.32307784978845333	0	0.4537163391869448	0.8208431646132376	0.08640454364349869	0.0	0.9072477082567363	NEU
4	9	K	D	4	A	9	A	1AYI_A	21	1.0	1.0	0.0	0.0	-0.0	0	0	0.0	1.360964047443681	0.0	0.0	1.360964047443681	NEU
4	10	K	Y	4	A	10	A	1AYI_A	21	1.0	0.42857142857142855	0.0	0.5714285714285714	0.5238824662870492	0	0.4613456697472024	0.9852281360342516	0.16102967631832688	0.0	0.2147062350911025	0.3757359114094294	MAX
4	14	K	E	4	A	14	A	1AYI_A	21	1.0	0.0	1.0	0.0	0	-0.0	0	0.0	0.0	1.360964047443681	0.0	1.360964047443681	MIN
4	15	K	F	4	A	15	A	1AYI_A	21	1.0	1.0	0.0	0.0	-0.0	0	0	0.0	1.360964047443681	0.0	0.0	1.360964047443681	NEU
4	18	K	L	4	A	18	A	1AYI_A	21	1.0	0.9523809523809523	0.0	0.047619047619047616	0.06703745513466478	0	0.2091579725132743	0.2761954276479391	1.03311297123404	0.0	0.051655648561701996	1.084768619795742	NEU
4	40	K	H	4	A	40	A	1AYI_A	20	0.9523809523809523	0.0	1.0	0.0	0	-0.0	0	0.0	0.0	1.360964047443681	0.0	1.360964047443681	MIN
4	44	K	I	4	A	44	A	1AYI_A	21	1.0	1.0	0.0	0.0	-0.0	0	0	0.0	1.360964047443681	0.0	0.0	1.360964047443681	NEU
5	7	N	I	5	A	7	A	1AYI_A	20	0.9523809523809523	1.0	0.0	0.0	-0.0	0	0	0.0	1.360964047443681	0.0	0.0	1.360964047443681	NEU
5	8	N	S	5	A	8	A	1AYI_A	13	0.6190476190476191	1.0	0.0	0.0	-0.0	0	0	0.0	1.360964047443681	0.0	0.0	1.360964047443681	NEU
5	9	N	D	5	A	9	A	1AYI_A	21	1.0	0.8571428571428571	0.0	0.14285714285714285	0.19062207543124116	0	0.4010507031510864	0.5916727785823275	0.6593925161668744	0.0	0.10989875269447907	0.7692912688613536	NEU
5	40	N	H	5	A	40	A	1AYI_A	10	0.47619047619047616	0.9	0.1	0.0	0.13680278410054497	0.33219280948873625	0	0.4689955935892812	0.8027716084689599	0.08919684538543998	0.0	0.8919684538543998	NEU
5	43	N	K	5	A	43	A	1AYI_A	18	0.8571428571428571	1.0	0.0	0.0	-0.0	0	0	0.0	1.360964047443681	0.0	0.0	1.360964047443681	NEU
5	44	N	I	5	A	44	A	1AYI_A	21	1.0	0.9523809523809523	0.047619047619047616	0.0	0.06703745513466478	0.2091579725132743	0	0.2761954276479391	1.03311297123404	0.051655648561701996	0.0	1.084768619795742	NEU
6	8	S	S	6	A	8	A	1AYI_A	21	1.0	0.9523809523809523	0.047619047619047616	0.0	0.06703745513466478	0.2091579725132743	0	0.2761954276479391	1.03311297123404	0.051655648561701996	0.0	1.084768619795742	NEU
6	9	S	D	6	A	9	A	1AYI_A	21	1.0	0.8571428571428571	0.047619047619047616	0.09523809523809523	0.19062207543124116	0.2091579725132743	0.32307784978845333	0.7228578977329687	0.5469481283234677	0.030386007129081537	0.06077201425816307	0.6381061497107123	NEU
6	10	S	Y	6	A	10	A	1AYI_A	21	1.0	1.0	0.0	0.0	-0.0	0	0	0.0	1.360964047443681	0.0	0.0	1.360964047443681	NEU
6	43	S	K	6	A	43	A	1AYI_A	18	0.8571428571428571	0.05555555555555555	0.9444444444444444	0.0	0.23166250008012848	0.07788092907019672	0	0.3095434291503252	0.0584122565718531	0.9930083617215028	0.0	1.0514206182933559	MIN
6	44	S	I	6	A	44	A	1AYI_A	21	1.0	1.0	0.0	0.0	-0.0	0	0	0.0	1.360964047443681	0.0	0.0	1.360964047443681	NEU
6	46	S	E	6	A	46	A	1AYI_A	8	0.38095238095238093	0.875	0.125	0.0	0.16856444319959643	0.375	0	0.5435644431995964	0.715224653713574	0.10217495053051058	0.0	0.8173996042440846	NEU
7	9	I	D	7	A	9	A	1AYI_A	21	1.0	0.9523809523809523	0.047619047619047616	0.0	0.06703745513466478	0.2091579725132743	0	0.2761954276479391	1.03311297123404	0.051655648561701996	0.0	1.084768619795742	NEU
7	10	I	Y	7	A	10	A	1AYI_A	21	1.0	0.0	1.0	0.0	0	-0.0	0	0.0	0.0	1.360964047443681	0.0	1.360964047443681	MIN
7	15	I	F	7	A	15	A	1AYI_A	21	1.0	0.0	1.0	0.0	0	-0.0	0	0.0	0.0	1.360964047443681	0.0	1.360964047443681	MIN
7	41	I	F	7	A	41	A	1AYI_A	4	0.19047619047619047	0.0	1.0	0.0	0	-0.0	0	0.0	0.0	1.360964047443681	0.0	1.360964047443681	MIN
7	43	I	K	7	A	43	A	1AYI_A	20	0.9523809523809523	1.0	0.0	0.0	-0.0	0	0	0.0	1.360964047443681	0.0	0.0	1.360964047443681	NEU
7	44	I	I	7	A	44	A	1AYI_A	21	1.0	0.0	1.0	0.0	0	-0.0	0	0.0	0.0	1.360964047443681	0.0	1.360964047443681	MIN
7	45	I	T	7	A	45	A	1AYI_A	21	1.0	0.09523809523809523	0.9047619047619048	0.0	0.32307784978845333	0.1306384893984915	0	0.4537163391869448	0.08640454364349869	0.8208431646132376	0.0	0.9072477082567363	MIN
7	46	I	E	7	A	46	A	1AYI_A	21	1.0	0.8571428571428571	0.14285714285714285	0.0	0.19062207543124116	0.4010507031510864	0	0.5916727785823275	0.6593925161668744	0.10989875269447907	0.0	0.7692912688613536	NEU
7	47	I	H	7	A	47	A	1AYI_A	6	0.2857142857142857	0.0	1.0	0.0	0	-0.0	0	0.0	0.0	1.360964047443681	0.0	1.360964047443681	MIN
7	72	I	I	7	A	72	A	1AYI_A	20	0.9523809523809523	0.0	1.0	0.0	0	-0.0	0	0.0	0.0	1.360964047443681	0.0	1.360964047443681	MIN
7	73	I	K	7	A	73	A	1AYI_A	18	0.8571428571428571	0.8888888888888888	0.1111111111111111	0.0	0.15104444572649994	0.3522138890491458	0	0.5032583347756457	0.7624050779271424	0.0953006347408928	0.0	0.8577057126680353	NEU
7	76	I	R	7	A	76	A	1AYI_A	20	0.9523809523809523	1.0	0.0	0.0	-0.0	0	0	0.0	1.360964047443681	0.0	0.0	1.360964047443681	NEU
7	81	I	K	7	A	81	A	1AYI_A	3	0.14285714285714285	0.3333333333333333	0.6666666666666666	0.0	0.5283208335737187	0.38997500048077083	0	0.9182958340544896	0.1475560711297305	0.295112142259461	0.0	0.4426682133891915	MIN
8	10	S	Y	8	A	10	A	1AYI_A	21	1.0	0.7142857142857143	0.0	0.2857142857142857	0.3467334479787441	0	0.5163871205878868	0.863120568566631	0.3556024849121786	0.0	0.14224099396487144	0.49784347887705005	NEU
8	44	S	I	8	A	44	A	1AYI_A	19	0.9047619047619048	0.8947368421052632	0.10526315789473684	0.0	0.14357365406764125	0.34188710667827216	0	0.4854607607459134	0.7833450459927395	0.09215824070502818	0.0	0.8755032866977677	NEU
8	76	S	R	8	A	76	A	1AYI_A	17	0.8095238095238095	0.7058823529411765	0.29411764705882354	0.0	0.3547061227264822	0.5192749254008756	0	0.8739810481273578	0.3437527053997576	0.14323029391656567	0.0	0.4869829993163233	NEU
8	81	S	K	8	A	81	A	1AYI_A	2	0.09523809523809523	0.5	0.5	0.0	0.5	0.5	0	1.0	0.18048202372184052	0.18048202372184052	0.0	0.36096404744368105	MIN
9	11	D	T	9	A	11	A	1AYI_A	21	1.0	0.9523809523809523	0.047619047619047616	0.0	0.06703745513466478	0.2091579725132743	0	0.2761954276479391	1.03311297123404	0.051655648561701996	0.0	1.084768619795742	NEU
9	14	D	E	9	A	14	A	1AYI_A	21	1.0	1.0	0.0	0.0	-0.0	0	0	0.0	1.360964047443681	0.0	0.0	1.360964047443681	NEU
9	15	D	F	9	A	15	A	1AYI_A	2	0.09523809523809523	1.0	0.0	0.0	-0.0	0	0	0.0	1.360964047443681	0.0	0.0	1.360964047443681	NEU
9	44	D	I	9	A	44	A	1AYI_A	21	1.0	0.9047619047619048	0.09523809523809523	0.0	0.1306384893984915	0.32307784978845333	0	0.4537163391869448	0.8208431646132376	0.08640454364349869	0.0	0.9072477082567363	NEU
10	12	Y	E	10	A	12	A	1AYI_A	21	1.0	0.7619047619047619	0.0	0.23809523809523808	0.2989085125933412	0	0.4929498399741424	0.7918583525674836	0.43360433895329326	0.0	0.13550135592290413	0.5691056948761974	NEU
10	13	Y	A	10	A	13	A	1AYI_A	21	1.0	0.9523809523809523	0.0	0.047619047619047616	0.06703745513466478	0	0.2091579725132743	0.2761954276479391	1.03311297123404	0.0	0.051655648561701996	1.084768619795742	NEU
10	14	Y	E	10	A	14	A	1AYI_A	21	1.0	0.14285714285714285	0.0	0.8571428571428571	0.4010507031510864	0	0.19062207543124116	0.5916727785823275	0.10989875269447907	0.0	0.6593925161668744	0.7692912688613536	MAX
10	15	Y	F	10	A	15	A	1AYI_A	21	1.0	1.0	0.0	0.0	-0.0	0	0	0.0	1.360964047443681	0.0	0.0	1.360964047443681	NEU
10	16	Y	V	10	A	16	A	1AYI_A	21	1.0	0.9523809523809523	0.047619047619047616	0.0	0.06703745513466478	0.2091579725132743	0	0.2761954276479391	1.03311297123404	0.051655648561701996	0.0	1.084768619795742	NEU
10	17	Y	Q	10	A	17	A	1AYI_A	21	1.0	0.7142857142857143	0.0	0.2857142857142857	0.3467334479787441	0	0.5163871205878868	0.863120568566631	0.3556024849121786	0.0	0.14224099396487144	0.49784347887705005	NEU
10	18	Y	L	10	A	18	A	1AYI_A	21	1.0	0.9047619047619048	0.047619047619047616	0.047619047619047616	0.1306384893984915	0.2091579725132743	0.2091579725132743	0.5489544344250401	0.7346753641597228	0.03866712442945909	0.03866712442945909	0.8120096130186409	NEU
10	44	Y	I	10	A	44	A	1AYI_A	21	1.0	0.9047619047619048	0.09523809523809523	0.0	0.1306384893984915	0.32307784978845333	0	0.4537163391869448	0.8208431646132376	0.08640454364349869	0.0	0.9072477082567363	NEU
10	69	Y	V	10	A	69	A	1AYI_A	11	0.5238095238095238	0.8181818181818182	0.18181818181818182	0.0	0.23686905043226034	0.44716938520678134	0	0.6840384356390417	0.5538482278401595	0.1230773839644799	0.0	0.6769256118046394	NEU
11	13	T	A	11	A	13	A	1AYI_A	21	1.0	0.9047619047619048	0.047619047619047616	0.047619047619047616	0.1306384893984915	0.2091579725132743	0.2091579725132743	0.5489544344250401	0.7346753641597228	0.03866712442945909	0.03866712442945909	0.8120096130186409	NEU
11	14	T	E	11	A	14	A	1AYI_A	21	1.0	0.9047619047619048	0.0	0.09523809523809523	0.1306384893984915	0	0.32307784978845333	0.4537163391869448	0.8208431646132376	0.0	0.08640454364349869	0.9072477082567363	NEU
11	15	T	F	11	A	15	A	1AYI_A	21	1.0	0.9523809523809523	0.047619047619047616	0.0	0.06703745513466478	0.2091579725132743	0	0.2761954276479391	1.03311297123404	0.051655648561701996	0.0	1.084768619795742	NEU
11	16	T	V	11	A	16	A	1AYI_A	21	1.0	0.9523809523809523	0.047619047619047616	0.0	0.06703745513466478	0.2091579725132743	0	0.2761954276479391	1.03311297123404	0.051655648561701996	0.0	1.084768619795742	NEU
11	17	T	Q	11	A	17	A	1AYI_A	20	0.9523809523809523	0.8	0.15	0.05	0.2575424759098898	0.4105448391249309	0.21609640474436814	0.8841837197791889	0.38142426213159375	0.07151704914967383	0.02383901638322461	0.4767803276644922	NEU
12	14	E	E	12	A	14	A	1AYI_A	21	1.0	0.23809523809523808	0.7619047619047619	0.0	0.4929498399741424	0.2989085125933412	0	0.7918583525674836	0.13550135592290413	0.43360433895329326	0.0	0.5691056948761974	MIN
12	15	E	F	12	A	15	A	1AYI_A	21	1.0	0.8095238095238095	0.0	0.19047619047619047	0.24678704218967404	0	0.4556795091007162	0.7024665512903903	0.5330694016479021	0.0	0.12542809450538872	0.6584974961532908	NEU
12	16	E	V	12	A	16	A	1AYI_A	21	1.0	0.9523809523809523	0.0	0.047619047619047616	0.06703745513466478	0	0.2091579725132743	0.2761954276479391	1.03311297123404	0.0	0.051655648561701996	1.084768619795742	NEU
12	66	E	E	12	A	66	A	1AYI_A	11	0.5238095238095238	0.0	1.0	0.0	0	-0.0	0	0.0	0.0	1.360964047443681	0.0	1.360964047443681	MIN
12	69	E	V	12	A	69	A	1AYI_A	20	0.9523809523809523	0.4	0.6	0.0	0.5287712379549449	0.44217935649972373	0	0.9709505944546686	0.156005381195605	0.23400807179340746	0.0	0.39001345298901247	MIN
12	70	E	K	12	A	70	A	1AYI_A	14	0.6666666666666666	0.07142857142857142	0.9285714285714286	0.0	0.2719539230041146	0.09927840363676106	0	0.37123232664087563	0.0706951229144861	0.9190365978883193	0.0	0.9897317208028054	MIN
12	73	E	K	12	A	73	A	1AYI_A	20	0.9523809523809523	0.05	0.95	0.0	0.21609640474436814	0.07030055237158808	0	0.28639695711595625	0.053728354516386245	1.0208387358113387	0.0	1.074567090327725	MIN
13	15	A	F	13	A	15	A	1AYI_A	21	1.0	1.0	0.0	0.0	-0.0	0	0	0.0	1.360964047443681	0.0	0.0	1.360964047443681	NEU
13	16	A	V	13	A	16	A	1AYI_A	21	1.0	0.23809523809523808	0.7619047619047619	0.0	0.4929498399741424	0.2989085125933412	0	0.7918583525674836	0.13550135592290413	0.43360433895329326	0.0	0.5691056948761974	MIN
13	17	A	Q	13	A	17	A	1AYI_A	21	1.0	0.9047619047619048	0.0	0.09523809523809523	0.1306384893984915	0	0.32307784978845333	0.4537163391869448	0.8208431646132376	0.0	0.08640454364349869	0.9072477082567363	NEU
13	69	A	V	13	A	69	A	1AYI_A	13	0.6190476190476191	1.0	0.0	0.0	-0.0	0	0	0.0	1.360964047443681	0.0	0.0	1.360964047443681	NEU
14	16	E	V	14	A	16	A	1AYI_A	21	1.0	1.0	0.0	0.0	-0.0	0	0	0.0	1.360964047443681	0.0	0.0	1.360964047443681	NEU
14	17	E	Q	14	A	17	A	1AYI_A	21	1.0	0.19047619047619047	0.0	0.8095238095238095	0.4556795091007162	0	0.24678704218967404	0.7024665512903903	0.12542809450538872	0.0	0.5330694016479021	0.6584974961532908	MAX
14	18	E	L	14	A	18	A	1AYI_A	21	1.0	0.9047619047619048	0.0	0.09523809523809523	0.1306384893984915	0	0.32307784978845333	0.4537163391869448	0.8208431646132376	0.0	0.08640454364349869	0.9072477082567363	NEU
15	17	F	Q	15	A	17	A	1AYI_A	21	1.0	0.47619047619047616	0.5238095238095238	0.0	0.5097092037578086	0.4886544688360045	0	0.9983636725938131	0.17266684516660377	0.18993352968326419	0.0	0.36260037484986796	MIN
15	18	F	L	15	A	18	A	1AYI_A	21	1.0	0.0	1.0	0.0	0	-0.0	0	0.0	0.0	1.360964047443681	0.0	1.360964047443681	MIN
15	19	F	L	15	A	19	A	1AYI_A	21	1.0	0.047619047619047616	0.9523809523809523	0.0	0.2091579725132743	0.06703745513466478	0	0.2761954276479391	0.051655648561701996	1.03311297123404	0.0	1.084768619795742	MIN
15	41	F	F	15	A	41	A	1AYI_A	13	0.6190476190476191	0.0	1.0	0.0	0	-0.0	0	0.0	0.0	1.360964047443681	0.0	1.360964047443681	MIN
15	44	F	I	15	A	44	A	1AYI_A	21	1.0	0.0	1.0	0.0	0	-0.0	0	0.0	0.0	1.360964047443681	0.0	1.360964047443681	MIN
15	45	F	T	15	A	45	A	1AYI_A	21	1.0	0.0	1.0	0.0	0	-0.0	0	0.0	0.0	1.360964047443681	0.0	1.360964047443681	MIN
15	65	F	P	15	A	65	A	1AYI_A	18	0.8571428571428571	0.4444444444444444	0.5555555555555556	0.0	0.5199666673076944	0.4711093925305278	0	0.9910760598382222	0.16439466115798168	0.20549332644747714	0.0	0.3698879876054588	MIN
15	68	F	I	15	A	68	A	1AYI_A	13	0.6190476190476191	0.0	1.0	0.0	0	-0.0	0	0.0	0.0	1.360964047443681	0.0	1.360964047443681	MIN
15	69	F	V	15	A	69	A	1AYI_A	20	0.9523809523809523	0.6	0.4	0.0	0.44217935649972373	0.5287712379549449	0	0.9709505944546686	0.23400807179340746	0.156005381195605	0.0	0.39001345298901247	NEU
15	72	F	I	15	A	72	A	1AYI_A	20	0.9523809523809523	0.0	1.0	0.0	0	-0.0	0	0.0	0.0	1.360964047443681	0.0	1.360964047443681	MIN
15	73	F	K	15	A	73	A	1AYI_A	18	0.8571428571428571	0.9444444444444444	0.05555555555555555	0.0	0.07788092907019672	0.23166250008012848	0	0.3095434291503252	0.9930083617215028	0.0584122565718531	0.0	1.0514206182933559	NEU
16	18	V	L	16	A	18	A	1AYI_A	21	1.0	0.09523809523809523	0.9047619047619048	0.0	0.32307784978845333	0.1306384893984915	0	0.4537163391869448	0.08640454364349869	0.8208431646132376	0.0	0.9072477082567363	MIN
16	19	V	L	16	A	19	A	1AYI_A	21	1.0	0.0	1.0	0.0	0	-0.0	0	0.0	0.0	1.360964047443681	0.0	1.360964047443681	MIN
16	20	V	K	16	A	20	A	1AYI_A	21	1.0	0.8571428571428571	0.09523809523809523	0.047619047619047616	0.19062207543124116	0.32307784978845333	0.2091579725132743	0.7228578977329687	0.5469481283234677	0.06077201425816307	0.030386007129081537	0.6381061497107123	NEU
16	64	V	S	16	A	64	A	1AYI_A	10	0.47619047619047616	1.0	0.0	0.0	-0.0	0	0	0.0	1.360964047443681	0.0	0.0	1.360964047443681	NEU
16	65	V	P	16	A	65	A	1AYI_A	20	0.9523809523809523	1.0	0.0	0.0	-0.0	0	0	0.0	1.360964047443681	0.0	0.0	1.360964047443681	NEU
16	66	V	E	16	A	66	A	1AYI_A	20	0.9523809523809523	0.8	0.2	0.0	0.2575424759098898	0.46438561897747244	0	0.7219280948873623	0.511228762045055	0.12780719051126374	0.0	0.6390359525563187	NEU
16	68	V	I	16	A	68	A	1AYI_A	19	0.9047619047619048	0.0	1.0	0.0	0	-0.0	0	0.0	0.0	1.360964047443681	0.0	1.360964047443681	MIN
16	69	V	V	16	A	69	A	1AYI_A	20	0.9523809523809523	0.35	0.65	0.0	0.5301006104904155	0.4039674448850756	0	0.934068055375491	0.14941359722386652	0.2774823948443236	0.0	0.42689599206819007	MIN
16	70	V	K	16	A	70	A	1AYI_A	4	0.19047619047619047	1.0	0.0	0.0	-0.0	0	0	0.0	1.360964047443681	0.0	0.0	1.360964047443681	NEU
17	19	Q	L	17	A	19	A	1AYI_A	21	1.0	0.42857142857142855	0.5714285714285714	0.0	0.5238824662870492	0.4613456697472024	0	0.9852281360342516	0.16102967631832688	0.2147062350911025	0.0	0.3757359114094294	MIN
17	20	Q	K	17	A	20	A	1AYI_A	21	1.0	0.6190476190476191	0.3333333333333333	0.047619047619047616	0.42830524572808026	0.5283208335737187	0.2091579725132743	1.1657840518150733	0.12082571157961434	0.06505999854286926	0.009294285506124178	0.19517999562860777	NEU
17	21	Q	E	17	A	21	A	1AYI_A	21	1.0	0.47619047619047616	0.5238095238095238	0.0	0.5097092037578086	0.4886544688360045	0	0.9983636725938131	0.17266684516660377	0.18993352968326419	0.0	0.36260037484986796	MIN
17	65	Q	P	17	A	65	A	1AYI_A	20	0.9523809523809523	0.25	0.75	0.0	0.5	0.31127812445913283	0	0.8112781244591328	0.13742148074613705	0.4122644422384112	0.0	0.5496859229845482	MIN
18	20	L	K	18	A	20	A	1AYI_A	21	1.0	0.5714285714285714	0.42857142857142855	0.0	0.4613456697472024	0.5238824662870492	0	0.9852281360342516	0.2147062350911025	0.16102967631832688	0.0	0.3757359114094294	NEU
18	21	L	E	18	A	21	A	1AYI_A	21	1.0	0.9047619047619048	0.047619047619047616	0.047619047619047616	0.1306384893984915	0.2091579725132743	0.2091579725132743	0.5489544344250401	0.7346753641597228	0.03866712442945909	0.03866712442945909	0.8120096130186409	NEU
18	22	L	I	18	A	22	A	1AYI_A	21	1.0	0.047619047619047616	0.9523809523809523	0.0	0.2091579725132743	0.06703745513466478	0	0.2761954276479391	0.051655648561701996	1.03311297123404	0.0	1.084768619795742	MIN
18	37	L	L	18	A	37	A	1AYI_A	21	1.0	0.09523809523809523	0.9047619047619048	0.0	0.32307784978845333	0.1306384893984915	0	0.4537163391869448	0.08640454364349869	0.8208431646132376	0.0	0.9072477082567363	MIN
18	40	L	H	18	A	40	A	1AYI_A	21	1.0	0.6190476190476191	0.38095238095238093	0.0	0.42830524572808026	0.5304066372490516	0	0.9587118829771318	0.24901324466976857	0.15323891979678064	0.0	0.4022521644665492	NEU
18	41	L	F	18	A	41	A	1AYI_A	21	1.0	0.09523809523809523	0.9047619047619048	0.0	0.32307784978845333	0.1306384893984915	0	0.4537163391869448	0.08640454364349869	0.8208431646132376	0.0	0.9072477082567363	MIN
18	44	L	I	18	A	44	A	1AYI_A	21	1.0	0.09523809523809523	0.9047619047619048	0.0	0.32307784978845333	0.1306384893984915	0	0.4537163391869448	0.08640454364349869	0.8208431646132376	0.0	0.9072477082567363	MIN
18	65	L	P	18	A	65	A	1AYI_A	20	0.9523809523809523	0.6	0.4	0.0	0.44217935649972373	0.5287712379549449	0	0.9709505944546686	0.23400807179340746	0.156005381195605	0.0	0.39001345298901247	NEU
18	69	L	V	18	A	69	A	1AYI_A	16	0.7619047619047619	0.0	1.0	0.0	0	-0.0	0	0.0	0.0	1.360964047443681	0.0	1.360964047443681	MIN
19	21	L	E	19	A	21	A	1AYI_A	21	1.0	0.047619047619047616	0.9523809523809523	0.0	0.2091579725132743	0.06703745513466478	0	0.2761954276479391	0.051655648561701996	1.03311297123404	0.0	1.084768619795742	MIN
19	22	L	I	19	A	22	A	1AYI_A	21	1.0	0.0	1.0	0.0	0	-0.0	0	0.0	0.0	1.360964047443681	0.0	1.360964047443681	MIN
19	23	L	E	19	A	23	A	1AYI_A	21	1.0	0.47619047619047616	0.5238095238095238	0.0	0.5097092037578086	0.4886544688360045	0	0.9983636725938131	0.17266684516660377	0.18993352968326419	0.0	0.36260037484986796	MIN
19	37	L	L	19	A	37	A	1AYI_A	20	0.9523809523809523	0.0	1.0	0.0	0	-0.0	0	0.0	0.0	1.360964047443681	0.0	1.360964047443681	MIN
19	41	L	F	19	A	41	A	1AYI_A	21	1.0	0.09523809523809523	0.9047619047619048	0.0	0.32307784978845333	0.1306384893984915	0	0.4537163391869448	0.08640454364349869	0.8208431646132376	0.0	0.9072477082567363	MIN
19	45	L	T	19	A	45	A	1AYI_A	2	0.09523809523809523	0.0	1.0	0.0	0	-0.0	0	0.0	0.0	1.360964047443681	0.0	1.360964047443681	MIN
19	53	L	L	19	A	53	A	1AYI_A	6	0.2857142857142857	0.0	1.0	0.0	0	-0.0	0	0.0	0.0	1.360964047443681	0.0	1.360964047443681	MIN
19	54	L	I	19	A	54	A	1AYI_A	21	1.0	0.047619047619047616	0.9523809523809523	0.0	0.2091579725132743	0.06703745513466478	0	0.2761954276479391	0.051655648561701996	1.03311297123404	0.0	1.084768619795742	MIN
19	64	L	S	19	A	64	A	1AYI_A	20	0.9523809523809523	1.0	0.0	0.0	-0.0	0	0	0.0	1.360964047443681	0.0	0.0	1.360964047443681	NEU
19	65	L	P	19	A	65	A	1AYI_A	20	0.9523809523809523	0.15	0.85	0.0	0.4105448391249309	0.19929546559146952	0	0.6098403047164004	0.1126685614090921	0.6384551813181886	0.0	0.7511237427272807	MIN
19	66	L	E	19	A	66	A	1AYI_A	20	0.9523809523809523	0.2	0.8	0.0	0.46438561897747244	0.2575424759098898	0	0.7219280948873623	0.12780719051126374	0.511228762045055	0.0	0.6390359525563187	MIN
19	67	L	G	19	A	67	A	1AYI_A	9	0.42857142857142855	1.0	0.0	0.0	-0.0	0	0	0.0	1.360964047443681	0.0	0.0	1.360964047443681	NEU
19	68	L	I	19	A	68	A	1AYI_A	20	0.9523809523809523	0.0	1.0	0.0	0	-0.0	0	0.0	0.0	1.360964047443681	0.0	1.360964047443681	MIN
19	69	L	V	19	A	69	A	1AYI_A	20	0.9523809523809523	0.4	0.6	0.0	0.5287712379549449	0.44217935649972373	0	0.9709505944546686	0.156005381195605	0.23400807179340746	0.0	0.39001345298901247	MIN
19	72	L	I	19	A	72	A	1AYI_A	14	0.6666666666666666	0.0	1.0	0.0	0	-0.0	0	0.0	0.0	1.360964047443681	0.0	1.360964047443681	MIN
20	22	K	I	20	A	22	A	1AYI_A	21	1.0	0.14285714285714285	0.8571428571428571	0.0	0.4010507031510864	0.19062207543124116	0	0.5916727785823275	0.10989875269447907	0.6593925161668744	0.0	0.7692912688613536	MIN
20	23	K	E	20	A	23	A	1AYI_A	21	1.0	0.9047619047619048	0.09523809523809523	0.0	0.1306384893984915	0.32307784978845333	0	0.4537163391869448	0.8208431646132376	0.08640454364349869	0.0	0.9072477082567363	NEU
20	24	K	K	20	A	24	A	1AYI_A	21	1.0	0.5238095238095238	0.0	0.47619047619047616	0.4886544688360045	0	0.5097092037578086	0.9983636725938131	0.18993352968326419	0.0	0.17266684516660377	0.36260037484986796	NEU
20	26	K	N	20	A	26	A	1AYI_A	2	0.09523809523809523	0.5	0.5	0.0	0.5	0.5	0	1.0	0.18048202372184052	0.18048202372184052	0.0	0.36096404744368105	MIN
20	64	K	S	20	A	64	A	1AYI_A	3	0.14285714285714285	0.6666666666666666	0.3333333333333333	0.0	0.38997500048077083	0.5283208335737187	0	0.9182958340544896	0.295112142259461	0.1475560711297305	0.0	0.4426682133891915	NEU
20	65	K	P	20	A	65	A	1AYI_A	20	0.9523809523809523	0.9	0.1	0.0	0.13680278410054497	0.33219280948873625	0	0.4689955935892812	0.8027716084689599	0.08919684538543998	0.0	0.8919684538543998	NEU
20	66	K	E	20	A	66	A	1AYI_A	8	0.38095238095238093	0.125	0.875	0.0	0.375	0.16856444319959643	0	0.5435644431995964	0.10217495053051058	0.715224653713574	0.0	0.8173996042440846	MIN
20	68	K	I	20	A	68	A	1AYI_A	2	0.09523809523809523	0.5	0.5	0.0	0.5	0.5	0	1.0	0.18048202372184052	0.18048202372184052	0.0	0.36096404744368105	MIN
20	69	K	V	20	A	69	A	1AYI_A	4	0.19047619047619047	0.25	0.75	0.0	0.5	0.31127812445913283	0	0.8112781244591328	0.13742148074613705	0.4122644422384112	0.0	0.5496859229845482	MIN
21	23	E	E	21	A	23	A	1AYI_A	21	1.0	0.2857142857142857	0.7142857142857143	0.0	0.5163871205878868	0.3467334479787441	0	0.863120568566631	0.14224099396487144	0.3556024849121786	0.0	0.49784347887705005	MIN
21	24	E	K	21	A	24	A	1AYI_A	21	1.0	0.9047619047619048	0.047619047619047616	0.047619047619047616	0.1306384893984915	0.2091579725132743	0.2091579725132743	0.5489544344250401	0.7346753641597228	0.03866712442945909	0.03866712442945909	0.8120096130186409	NEU
21	25	E	E	21	A	25	A	1AYI_A	21	1.0	0.6666666666666666	0.0	0.3333333333333333	0.38997500048077083	0	0.5283208335737187	0.9182958340544896	0.295112142259461	0.0	0.1475560711297305	0.4426682133891915	NEU
21	26	E	N	21	A	26	A	1AYI_A	4	0.19047619047619047	0.25	0.75	0.0	0.5	0.31127812445913283	0	0.8112781244591328	0.13742148074613705	0.4122644422384112	0.0	0.5496859229845482	MIN
21	27	E	V	21	A	27	A	1AYI_A	2	0.09523809523809523	0.5	0.5	0.0	0.5	0.5	0	1.0	0.18048202372184052	0.18048202372184052	0.0	0.36096404744368105	MIN
21	33	E	V	21	A	33	A	1AYI_A	18	0.8571428571428571	0.16666666666666666	0.8333333333333334	0.0	0.430827083453526	0.21919533819482817	0	0.6500224216483541	0.11849027096588782	0.5924513548294391	0.0	0.7109416257953269	MIN
21	34	E	L	21	A	34	A	1AYI_A	19	0.9047619047619048	0.8947368421052632	0.10526315789473684	0.0	0.14357365406764125	0.34188710667827216	0	0.4854607607459134	0.7833450459927395	0.09215824070502818	0.0	0.8755032866977677	NEU
21	37	E	L	21	A	37	A	1AYI_A	21	1.0	0.9047619047619048	0.09523809523809523	0.0	0.1306384893984915	0.32307784978845333	0	0.4537163391869448	0.8208431646132376	0.08640454364349869	0.0	0.9072477082567363	NEU
21	65	E	P	21	A	65	A	1AYI_A	11	0.5238095238095238	0.0	1.0	0.0	0	-0.0	0	0.0	0.0	1.360964047443681	0.0	1.360964047443681	MIN
22	24	I	K	22	A	24	A	1AYI_A	21	1.0	1.0	0.0	0.0	-0.0	0	0	0.0	1.360964047443681	0.0	0.0	1.360964047443681	NEU
22	25	I	E	22	A	25	A	1AYI_A	21	1.0	0.9047619047619048	0.047619047619047616	0.047619047619047616	0.1306384893984915	0.2091579725132743	0.2091579725132743	0.5489544344250401	0.7346753641597228	0.03866712442945909	0.03866712442945909	0.8120096130186409	NEU
22	26	I	N	22	A	26	A	1AYI_A	21	1.0	0.2857142857142857	0.0	0.7142857142857143	0.5163871205878868	0	0.3467334479787441	0.863120568566631	0.14224099396487144	0.0	0.3556024849121786	0.49784347887705005	MAX
22	33	I	V	22	A	33	A	1AYI_A	10	0.47619047619047616	0.6	0.4	0.0	0.44217935649972373	0.5287712379549449	0	0.9709505944546686	0.23400807179340746	0.156005381195605	0.0	0.39001345298901247	NEU
22	34	I	L	22	A	34	A	1AYI_A	21	1.0	0.8571428571428571	0.14285714285714285	0.0	0.19062207543124116	0.4010507031510864	0	0.5916727785823275	0.6593925161668744	0.10989875269447907	0.0	0.7692912688613536	NEU
22	37	I	L	22	A	37	A	1AYI_A	21	1.0	0.0	1.0	0.0	0	-0.0	0	0.0	0.0	1.360964047443681	0.0	1.360964047443681	MIN
22	38	I	L	22	A	38	A	1AYI_A	21	1.0	0.0	1.0	0.0	0	-0.0	0	0.0	0.0	1.360964047443681	0.0	1.360964047443681	MIN
22	40	I	H	22	A	40	A	1AYI_A	21	1.0	0.0	1.0	0.0	0	-0.0	0	0.0	0.0	1.360964047443681	0.0	1.360964047443681	MIN
22	41	I	F	22	A	41	A	1AYI_A	21	1.0	0.0	1.0	0.0	0	-0.0	0	0.0	0.0	1.360964047443681	0.0	1.360964047443681	MIN
22	51	I	T	22	A	51	A	1AYI_A	21	1.0	0.0	1.0	0.0	0	-0.0	0	0.0	0.0	1.360964047443681	0.0	1.360964047443681	MIN
22	54	I	I	22	A	54	A	1AYI_A	21	1.0	0.0	1.0	0.0	0	-0.0	0	0.0	0.0	1.360964047443681	0.0	1.360964047443681	MIN
22	65	I	P	22	A	65	A	1AYI_A	19	0.9047619047619048	0.47368421052631576	0.5263157894736842	0.0	0.5106327688427084	0.48736811502959115	0	0.9980008838722996	0.17192991958644385	0.1910332439849376	0.0	0.3629631635713815	MIN
22	68	I	I	22	A	68	A	1AYI_A	13	0.6190476190476191	0.0	1.0	0.0	0	-0.0	0	0.0	0.0	1.360964047443681	0.0	1.360964047443681	MIN
23	25	E	E	23	A	25	A	1AYI_A	21	1.0	0.9047619047619048	0.0	0.09523809523809523	0.1306384893984915	0	0.32307784978845333	0.4537163391869448	0.8208431646132376	0.0	0.08640454364349869	0.9072477082567363	NEU
23	26	E	N	23	A	26	A	1AYI_A	21	1.0	0.5238095238095238	0.0	0.47619047619047616	0.4886544688360045	0	0.5097092037578086	0.9983636725938131	0.18993352968326419	0.0	0.17266684516660377	0.36260037484986796	NEU
23	27	E	V	23	A	27	A	1AYI_A	19	0.9047619047619048	1.0	0.0	0.0	-0.0	0	0	0.0	1.360964047443681	0.0	0.0	1.360964047443681	NEU
23	54	E	I	23	A	54	A	1AYI_A	21	1.0	0.42857142857142855	0.5714285714285714	0.0	0.5238824662870492	0.4613456697472024	0	0.9852281360342516	0.16102967631832688	0.2147062350911025	0.0	0.3757359114094294	MIN
23	63	E	D	23	A	63	A	1AYI_A	15	0.7142857142857143	0.8666666666666667	0.13333333333333333	0.0	0.17892409380510282	0.3875854127478025	0	0.5665095065529053	0.6885272687720057	0.1059272721187701	0.0	0.7944545408907757	NEU
23	64	E	S	23	A	64	A	1AYI_A	15	0.7142857142857143	0.9333333333333333	0.0	0.06666666666666667	0.09289996198085344	0	0.26045937304056793	0.35335933502142136	0.9404310649274423	0.0	0.0671736474948173	1.0076047124222596	NEU
23	65	E	P	23	A	65	A	1AYI_A	20	0.9523809523809523	0.5	0.5	0.0	0.5	0.5	0	1.0	0.18048202372184052	0.18048202372184052	0.0	0.36096404744368105	MIN
23	68	E	I	23	A	68	A	1AYI_A	6	0.2857142857142857	0.0	1.0	0.0	0	-0.0	0	0.0	0.0	1.360964047443681	0.0	1.360964047443681	MIN
24	26	K	N	24	A	26	A	1AYI_A	21	1.0	1.0	0.0	0.0	-0.0	0	0	0.0	1.360964047443681	0.0	0.0	1.360964047443681	NEU
24	27	K	V	24	A	27	A	1AYI_A	21	1.0	0.9047619047619048	0.0	0.09523809523809523	0.1306384893984915	0	0.32307784978845333	0.4537163391869448	0.8208431646132376	0.0	0.08640454364349869	0.9072477082567363	NEU
24	28	K	A	24	A	28	A	1AYI_A	19	0.9047619047619048	0.9473684210526315	0.0	0.05263157894736842	0.07389711663278514	0	0.22357513228650452	0.2974722489192897	1.007518545970476	0.0	0.05597325255391534	1.0634917985243915	NEU
24	33	K	V	24	A	33	A	1AYI_A	16	0.7619047619047619	1.0	0.0	0.0	-0.0	0	0	0.0	1.360964047443681	0.0	0.0	1.360964047443681	NEU
24	34	K	L	24	A	34	A	1AYI_A	19	0.9047619047619048	0.9473684210526315	0.05263157894736842	0.0	0.07389711663278514	0.22357513228650452	0	0.2974722489192897	1.007518545970476	0.05597325255391534	0.0	1.0634917985243915	NEU
24	37	K	L	24	A	37	A	1AYI_A	18	0.8571428571428571	1.0	0.0	0.0	-0.0	0	0	0.0	1.360964047443681	0.0	0.0	1.360964047443681	NEU
24	65	K	P	24	A	65	A	1AYI_A	2	0.09523809523809523	0.5	0.5	0.0	0.5	0.5	0	1.0	0.18048202372184052	0.18048202372184052	0.0	0.36096404744368105	MIN
25	27	E	V	25	A	27	A	1AYI_A	21	1.0	1.0	0.0	0.0	-0.0	0	0	0.0	1.360964047443681	0.0	0.0	1.360964047443681	NEU
25	28	E	A	25	A	28	A	1AYI_A	19	0.9047619047619048	0.05263157894736842	0.0	0.9473684210526315	0.22357513228650452	0	0.07389711663278514	0.2974722489192897	0.05597325255391534	0.0	1.007518545970476	1.0634917985243915	MAX
25	30	E	T	25	A	30	A	1AYI_A	21	1.0	1.0	0.0	0.0	-0.0	0	0	0.0	1.360964047443681	0.0	0.0	1.360964047443681	NEU
25	31	E	D	25	A	31	A	1AYI_A	19	0.9047619047619048	1.0	0.0	0.0	-0.0	0	0	0.0	1.360964047443681	0.0	0.0	1.360964047443681	NEU
25	32	E	D	25	A	32	A	1AYI_A	18	0.8571428571428571	0.9444444444444444	0.0	0.05555555555555555	0.07788092907019672	0	0.23166250008012848	0.3095434291503252	0.9930083617215028	0.0	0.0584122565718531	1.0514206182933559	NEU
25	33	E	V	25	A	33	A	1AYI_A	19	0.9047619047619048	0.5263157894736842	0.05263157894736842	0.42105263157894735	0.48736811502959115	0.22357513228650452	0.5254431635551939	1.2363864108712896	0.0655671771433639	0.00655671771433639	0.05245374171469112	0.1245776365723914	NEU
25	34	E	L	25	A	34	A	1AYI_A	21	1.0	0.9047619047619048	0.0	0.09523809523809523	0.1306384893984915	0	0.32307784978845333	0.4537163391869448	0.8208431646132376	0.0	0.08640454364349869	0.9072477082567363	NEU
25	35	E	D	25	A	35	A	1AYI_A	19	0.9047619047619048	1.0	0.0	0.0	-0.0	0	0	0.0	1.360964047443681	0.0	0.0	1.360964047443681	NEU
25	36	E	V	25	A	36	A	1AYI_A	19	0.9047619047619048	0.9473684210526315	0.05263157894736842	0.0	0.07389711663278514	0.22357513228650452	0	0.2974722489192897	1.007518545970476	0.05597325255391534	0.0	1.0634917985243915	NEU
25	37	E	L	25	A	37	A	1AYI_A	20	0.9523809523809523	0.2	0.05	0.75	0.46438561897747244	0.21609640474436814	0.31127812445913283	0.9917601481809735	0.07384077985254152	0.01846019496313538	0.2769029244470307	0.3692038992627076	MAX
25	38	E	L	25	A	38	A	1AYI_A	19	0.9047619047619048	1.0	0.0	0.0	-0.0	0	0	0.0	1.360964047443681	0.0	0.0	1.360964047443681	NEU
26	28	N	A	26	A	28	A	1AYI_A	21	1.0	1.0	0.0	0.0	-0.0	0	0	0.0	1.360964047443681	0.0	0.0	1.360964047443681	NEU
26	31	N	D	26	A	31	A	1AYI_A	18	0.8571428571428571	1.0	0.0	0.0	-0.0	0	0	0.0	1.360964047443681	0.0	0.0	1.360964047443681	NEU
26	34	N	L	26	A	34	A	1AYI_A	21	1.0	0.09523809523809523	0.0	0.9047619047619048	0.32307784978845333	0	0.1306384893984915	0.4537163391869448	0.08640454364349869	0.0	0.8208431646132376	0.9072477082567363	MAX
26	37	N	L	26	A	37	A	1AYI_A	17	0.8095238095238095	1.0	0.0	0.0	-0.0	0	0	0.0	1.360964047443681	0.0	0.0	1.360964047443681	NEU
26	38	N	L	26	A	38	A	1AYI_A	16	0.7619047619047619	1.0	0.0	0.0	-0.0	0	0	0.0	1.360964047443681	0.0	0.0	1.360964047443681	NEU
26	54	N	I	26	A	54	A	1AYI_A	19	0.9047619047619048	1.0	0.0	0.0	-0.0	0	0	0.0	1.360964047443681	0.0	0.0	1.360964047443681	NEU
26	55	N	Y	26	A	55	A	1AYI_A	19	0.9047619047619048	0.0	0.0	1.0	0	0	-0.0	0.0	0.0	0.0	1.360964047443681	1.360964047443681	MAX
27	29	V	A	27	A	29	A	1AYI_A	21	1.0	1.0	0.0	0.0	-0.0	0	0	0.0	1.360964047443681	0.0	0.0	1.360964047443681	NEU
27	30	V	T	27	A	30	A	1AYI_A	2	0.09523809523809523	1.0	0.0	0.0	-0.0	0	0	0.0	1.360964047443681	0.0	0.0	1.360964047443681	NEU
27	31	V	D	27	A	31	A	1AYI_A	2	0.09523809523809523	1.0	0.0	0.0	-0.0	0	0	0.0	1.360964047443681	0.0	0.0	1.360964047443681	NEU
27	32	V	D	27	A	32	A	1AYI_A	2	0.09523809523809523	1.0	0.0	0.0	-0.0	0	0	0.0	1.360964047443681	0.0	0.0	1.360964047443681	NEU
27	34	V	L	27	A	34	A	1AYI_A	18	0.8571428571428571	0.9444444444444444	0.0	0.05555555555555555	0.07788092907019672	0	0.23166250008012848	0.3095434291503252	0.9930083617215028	0.0	0.0584122565718531	1.0514206182933559	NEU
27	35	V	D	27	A	35	A	1AYI_A	2	0.09523809523809523	1.0	0.0	0.0	-0.0	0	0	0.0	1.360964047443681	0.0	0.0	1.360964047443681	NEU
27	36	V	V	27	A	36	A	1AYI_A	2	0.09523809523809523	1.0	0.0	0.0	-0.0	0	0	0.0	1.360964047443681	0.0	0.0	1.360964047443681	NEU
27	37	V	L	27	A	37	A	1AYI_A	2	0.09523809523809523	1.0	0.0	0.0	-0.0	0	0	0.0	1.360964047443681	0.0	0.0	1.360964047443681	NEU
28	30	A	T	28	A	30	A	1AYI_A	20	0.9523809523809523	1.0	0.0	0.0	-0.0	0	0	0.0	1.360964047443681	0.0	0.0	1.360964047443681	NEU
28	31	A	D	28	A	31	A	1AYI_A	20	0.9523809523809523	1.0	0.0	0.0	-0.0	0	0	0.0	1.360964047443681	0.0	0.0	1.360964047443681	NEU
28	32	A	D	28	A	32	A	1AYI_A	20	0.9523809523809523	0.9	0.0	0.1	0.13680278410054497	0	0.33219280948873625	0.4689955935892812	0.8027716084689599	0.0	0.08919684538543998	0.8919684538543998	NEU
28	33	A	V	28	A	33	A	1AYI_A	19	0.9047619047619048	0.8947368421052632	0.0	0.10526315789473684	0.14357365406764125	0	0.34188710667827216	0.4854607607459134	0.7833450459927395	0.0	0.09215824070502818	0.8755032866977677	NEU
28	34	A	L	28	A	34	A	1AYI_A	20	0.9523809523809523	0.9	0.1	0.0	0.13680278410054497	0.33219280948873625	0	0.4689955935892812	0.8027716084689599	0.08919684538543998	0.0	0.8919684538543998	NEU
29	31	A	D	29	A	31	A	1AYI_A	21	1.0	0.7619047619047619	0.19047619047619047	0.047619047619047616	0.2989085125933412	0.4556795091007162	0.2091579725132743	0.9637459942073316	0.3026423262753138	0.07566058156882845	0.018915145392207112	0.3972180532363494	NEU
29	32	A	D	29	A	32	A	1AYI_A	8	0.38095238095238093	0.875	0.0	0.125	0.16856444319959643	0	0.375	0.5435644431995964	0.715224653713574	0.0	0.10217495053051058	0.8173996042440846	NEU
29	34	A	L	29	A	34	A	1AYI_A	3	0.14285714285714285	0.6666666666666666	0.3333333333333333	0.0	0.38997500048077083	0.5283208335737187	0	0.9182958340544896	0.295112142259461	0.1475560711297305	0.0	0.4426682133891915	NEU
29	35	A	D	29	A	35	A	1AYI_A	2	0.09523809523809523	1.0	0.0	0.0	-0.0	0	0	0.0	1.360964047443681	0.0	0.0	1.360964047443681	NEU
29	36	A	V	29	A	36	A	1AYI_A	2	0.09523809523809523	1.0	0.0	0.0	-0.0	0	0	0.0	1.360964047443681	0.0	0.0	1.360964047443681	NEU
30	32	T	D	30	A	32	A	1AYI_A	21	1.0	0.6666666666666666	0.0	0.3333333333333333	0.38997500048077083	0	0.5283208335737187	0.9182958340544896	0.295112142259461	0.0	0.1475560711297305	0.4426682133891915	NEU
30	33	T	V	30	A	33	A	1AYI_A	19	0.9047619047619048	0.9473684210526315	0.0	0.05263157894736842	0.07389711663278514	0	0.22357513228650452	0.2974722489192897	1.007518545970476	0.0	0.05597325255391534	1.0634917985243915	NEU
30	34	T	L	30	A	34	A	1AYI_A	21	1.0	0.9047619047619048	0.0	0.09523809523809523	0.1306384893984915	0	0.32307784978845333	0.4537163391869448	0.8208431646132376	0.0	0.08640454364349869	0.9072477082567363	NEU
30	35	T	D	30	A	35	A	1AYI_A	19	0.9047619047619048	0.8947368421052632	0.0	0.10526315789473684	0.14357365406764125	0	0.34188710667827216	0.4854607607459134	0.7833450459927395	0.0	0.09215824070502818	0.8755032866977677	NEU
31	33	D	V	31	A	33	A	1AYI_A	19	0.9047619047619048	0.47368421052631576	0.5263157894736842	0.0	0.5106327688427084	0.48736811502959115	0	0.9980008838722996	0.17192991958644385	0.1910332439849376	0.0	0.3629631635713815	MIN
31	34	D	L	31	A	34	A	1AYI_A	21	1.0	0.3333333333333333	0.0	0.6666666666666666	0.5283208335737187	0	0.38997500048077083	0.9182958340544896	0.1475560711297305	0.0	0.295112142259461	0.4426682133891915	MAX
31	35	D	D	31	A	35	A	1AYI_A	21	1.0	0.047619047619047616	0.0	0.9523809523809523	0.2091579725132743	0	0.06703745513466478	0.2761954276479391	0.051655648561701996	0.0	1.03311297123404	1.084768619795742	MAX
31	36	D	V	31	A	36	A	1AYI_A	20	0.9523809523809523	0.9	0.1	0.0	0.13680278410054497	0.33219280948873625	0	0.4689955935892812	0.8027716084689599	0.08919684538543998	0.0	0.8919684538543998	NEU
31	38	D	L	31	A	38	A	1AYI_A	19	0.9047619047619048	0.9473684210526315	0.05263157894736842	0.0	0.07389711663278514	0.22357513228650452	0	0.2974722489192897	1.007518545970476	0.05597325255391534	0.0	1.0634917985243915	NEU
32	34	D	L	32	A	34	A	1AYI_A	19	0.9047619047619048	1.0	0.0	0.0	-0.0	0	0	0.0	1.360964047443681	0.0	0.0	1.360964047443681	NEU
32	35	D	D	32	A	35	A	1AYI_A	21	1.0	0.19047619047619047	0.0	0.8095238095238095	0.4556795091007162	0	0.24678704218967404	0.7024665512903903	0.12542809450538872	0.0	0.5330694016479021	0.6584974961532908	MAX
32	36	D	V	32	A	36	A	1AYI_A	21	1.0	0.8571428571428571	0.09523809523809523	0.047619047619047616	0.19062207543124116	0.32307784978845333	0.2091579725132743	0.7228578977329687	0.5469481283234677	0.06077201425816307	0.030386007129081537	0.6381061497107123	NEU
32	37	D	L	32	A	37	A	1AYI_A	2	0.09523809523809523	1.0	0.0	0.0	-0.0	0	0	0.0	1.360964047443681	0.0	0.0	1.360964047443681	NEU
33	35	V	D	33	A	35	A	1AYI_A	19	0.9047619047619048	0.5263157894736842	0.47368421052631576	0.0	0.48736811502959115	0.5106327688427084	0	0.9980008838722996	0.1910332439849376	0.17192991958644385	0.0	0.3629631635713815	NEU
33	36	V	V	33	A	36	A	1AYI_A	19	0.9047619047619048	0.05263157894736842	0.15789473684210525	0.7894736842105263	0.22357513228650452	0.42046815990354147	0.2692396719750529	0.9132829641650988	0.02356216227782012	0.07068648683346035	0.3534324341673018	0.44768108327858225	MAX
33	37	V	L	33	A	37	A	1AYI_A	19	0.9047619047619048	0.7368421052631579	0.2631578947368421	0.0	0.3246324357580916	0.5068419522516378	0	0.8314743880097293	0.3901502753723855	0.13933938406156623	0.0	0.5294896594339518	NEU
34	36	L	V	34	A	36	A	1AYI_A	21	1.0	0.9523809523809523	0.047619047619047616	0.0	0.06703745513466478	0.2091579725132743	0	0.2761954276479391	1.03311297123404	0.051655648561701996	0.0	1.084768619795742	NEU
34	37	L	L	34	A	37	A	1AYI_A	21	1.0	0.047619047619047616	0.9047619047619048	0.047619047619047616	0.2091579725132743	0.1306384893984915	0.2091579725132743	0.5489544344250401	0.03866712442945909	0.7346753641597228	0.03866712442945909	0.8120096130186409	MIN
34	38	L	L	34	A	38	A	1AYI_A	21	1.0	0.09523809523809523	0.9047619047619048	0.0	0.32307784978845333	0.1306384893984915	0	0.4537163391869448	0.08640454364349869	0.8208431646132376	0.0	0.9072477082567363	MIN
35	37	D	L	35	A	37	A	1AYI_A	21	1.0	0.9523809523809523	0.047619047619047616	0.0	0.06703745513466478	0.2091579725132743	0	0.2761954276479391	1.03311297123404	0.051655648561701996	0.0	1.084768619795742	NEU
35	38	D	L	35	A	38	A	1AYI_A	21	1.0	0.0	0.047619047619047616	0.9523809523809523	0	0.2091579725132743	0.06703745513466478	0.2761954276479391	0.0	0.051655648561701996	1.03311297123404	1.084768619795742	MAX
35	39	D	E	35	A	39	A	1AYI_A	21	1.0	0.47619047619047616	0.0	0.5238095238095238	0.5097092037578086	0	0.4886544688360045	0.9983636725938131	0.17266684516660377	0.0	0.18993352968326419	0.36260037484986796	MAX
35	40	D	H	35	A	40	A	1AYI_A	2	0.09523809523809523	0.0	1.0	0.0	0	-0.0	0	0.0	0.0	1.360964047443681	0.0	1.360964047443681	MIN
36	38	V	L	36	A	38	A	1AYI_A	21	1.0	0.9047619047619048	0.09523809523809523	0.0	0.1306384893984915	0.32307784978845333	0	0.4537163391869448	0.8208431646132376	0.08640454364349869	0.0	0.9072477082567363	NEU
36	39	V	E	36	A	39	A	1AYI_A	21	1.0	0.047619047619047616	0.047619047619047616	0.9047619047619048	0.2091579725132743	0.2091579725132743	0.1306384893984915	0.5489544344250401	0.03866712442945909	0.03866712442945909	0.7346753641597228	0.8120096130186409	MAX
36	40	V	H	36	A	40	A	1AYI_A	21	1.0	0.9523809523809523	0.047619047619047616	0.0	0.06703745513466478	0.2091579725132743	0	0.2761954276479391	1.03311297123404	0.051655648561701996	0.0	1.084768619795742	NEU
37	39	L	E	37	A	39	A	1AYI_A	21	1.0	1.0	0.0	0.0	-0.0	0	0	0.0	1.360964047443681	0.0	0.0	1.360964047443681	NEU
37	40	L	H	37	A	40	A	1AYI_A	21	1.0	0.09523809523809523	0.9047619047619048	0.0	0.32307784978845333	0.1306384893984915	0	0.4537163391869448	0.08640454364349869	0.8208431646132376	0.0	0.9072477082567363	MIN
37	41	L	F	37	A	41	A	1AYI_A	21	1.0	0.0	1.0	0.0	0	-0.0	0	0.0	0.0	1.360964047443681	0.0	1.360964047443681	MIN
38	40	L	H	38	A	40	A	1AYI_A	21	1.0	0.047619047619047616	0.9523809523809523	0.0	0.2091579725132743	0.06703745513466478	0	0.2761954276479391	0.051655648561701996	1.03311297123404	0.0	1.084768619795742	MIN
38	41	L	F	38	A	41	A	1AYI_A	21	1.0	0.0	1.0	0.0	0	-0.0	0	0.0	0.0	1.360964047443681	0.0	1.360964047443681	MIN
38	42	L	V	38	A	42	A	1AYI_A	21	1.0	0.8571428571428571	0.14285714285714285	0.0	0.19062207543124116	0.4010507031510864	0	0.5916727785823275	0.6593925161668744	0.10989875269447907	0.0	0.7692912688613536	NEU
38	50	L	G	38	A	50	A	1AYI_A	21	1.0	1.0	0.0	0.0	-0.0	0	0	0.0	1.360964047443681	0.0	0.0	1.360964047443681	NEU
38	51	L	T	38	A	51	A	1AYI_A	21	1.0	0.19047619047619047	0.8095238095238095	0.0	0.4556795091007162	0.24678704218967404	0	0.7024665512903903	0.12542809450538872	0.5330694016479021	0.0	0.6584974961532908	MIN
38	54	L	I	38	A	54	A	1AYI_A	21	1.0	0.047619047619047616	0.9523809523809523	0.0	0.2091579725132743	0.06703745513466478	0	0.2761954276479391	0.051655648561701996	1.03311297123404	0.0	1.084768619795742	MIN
38	55	L	Y	38	A	55	A	1AYI_A	18	0.8571428571428571	1.0	0.0	0.0	-0.0	0	0	0.0	1.360964047443681	0.0	0.0	1.360964047443681	NEU
39	41	E	F	39	A	41	A	1AYI_A	21	1.0	1.0	0.0	0.0	-0.0	0	0	0.0	1.360964047443681	0.0	0.0	1.360964047443681	NEU
39	42	E	V	39	A	42	A	1AYI_A	21	1.0	0.047619047619047616	0.0	0.9523809523809523	0.2091579725132743	0	0.06703745513466478	0.2761954276479391	0.051655648561701996	0.0	1.03311297123404	1.084768619795742	MAX
39	43	E	K	39	A	43	A	1AYI_A	21	1.0	0.5238095238095238	0.0	0.47619047619047616	0.4886544688360045	0	0.5097092037578086	0.9983636725938131	0.18993352968326419	0.0	0.17266684516660377	0.36260037484986796	NEU
39	51	E	T	39	A	51	A	1AYI_A	21	1.0	0.6190476190476191	0.38095238095238093	0.0	0.42830524572808026	0.5304066372490516	0	0.9587118829771318	0.24901324466976857	0.15323891979678064	0.0	0.4022521644665492	NEU
40	42	H	V	40	A	42	A	1AYI_A	21	1.0	0.14285714285714285	0.8571428571428571	0.0	0.4010507031510864	0.19062207543124116	0	0.5916727785823275	0.10989875269447907	0.6593925161668744	0.0	0.7692912688613536	MIN
40	43	H	K	40	A	43	A	1AYI_A	21	1.0	0.9523809523809523	0.0	0.047619047619047616	0.06703745513466478	0	0.2091579725132743	0.2761954276479391	1.03311297123404	0.0	0.051655648561701996	1.084768619795742	NEU
40	44	H	I	40	A	44	A	1AYI_A	21	1.0	0.7619047619047619	0.23809523809523808	0.0	0.2989085125933412	0.4929498399741424	0	0.7918583525674836	0.43360433895329326	0.13550135592290413	0.0	0.5691056948761974	NEU
40	45	H	T	40	A	45	A	1AYI_A	20	0.9523809523809523	0.05	0.95	0.0	0.21609640474436814	0.07030055237158808	0	0.28639695711595625	0.053728354516386245	1.0208387358113387	0.0	1.074567090327725	MIN
41	43	F	K	41	A	43	A	1AYI_A	21	1.0	1.0	0.0	0.0	-0.0	0	0	0.0	1.360964047443681	0.0	0.0	1.360964047443681	NEU
41	44	F	I	41	A	44	A	1AYI_A	21	1.0	0.047619047619047616	0.9523809523809523	0.0	0.2091579725132743	0.06703745513466478	0	0.2761954276479391	0.051655648561701996	1.03311297123404	0.0	1.084768619795742	MIN
41	45	F	T	41	A	45	A	1AYI_A	21	1.0	0.9047619047619048	0.09523809523809523	0.0	0.1306384893984915	0.32307784978845333	0	0.4537163391869448	0.8208431646132376	0.08640454364349869	0.0	0.9072477082567363	NEU
41	47	F	H	41	A	47	A	1AYI_A	21	1.0	0.9047619047619048	0.09523809523809523	0.0	0.1306384893984915	0.32307784978845333	0	0.4537163391869448	0.8208431646132376	0.08640454364349869	0.0	0.9072477082567363	NEU
41	50	F	G	41	A	50	A	1AYI_A	21	1.0	0.9523809523809523	0.047619047619047616	0.0	0.06703745513466478	0.2091579725132743	0	0.2761954276479391	1.03311297123404	0.051655648561701996	0.0	1.084768619795742	NEU
41	51	F	T	41	A	51	A	1AYI_A	21	1.0	0.047619047619047616	0.9523809523809523	0.0	0.2091579725132743	0.06703745513466478	0	0.2761954276479391	0.051655648561701996	1.03311297123404	0.0	1.084768619795742	MIN
41	53	F	L	41	A	53	A	1AYI_A	21	1.0	0.09523809523809523	0.9047619047619048	0.0	0.32307784978845333	0.1306384893984915	0	0.4537163391869448	0.08640454364349869	0.8208431646132376	0.0	0.9072477082567363	MIN
41	54	F	I	41	A	54	A	1AYI_A	21	1.0	0.09523809523809523	0.9047619047619048	0.0	0.32307784978845333	0.1306384893984915	0	0.4537163391869448	0.08640454364349869	0.8208431646132376	0.0	0.9072477082567363	MIN
41	68	F	I	41	A	68	A	1AYI_A	20	0.9523809523809523	0.05	0.95	0.0	0.21609640474436814	0.07030055237158808	0	0.28639695711595625	0.053728354516386245	1.0208387358113387	0.0	1.074567090327725	MIN
41	72	F	I	41	A	72	A	1AYI_A	18	0.8571428571428571	0.05555555555555555	0.9444444444444444	0.0	0.23166250008012848	0.07788092907019672	0	0.3095434291503252	0.0584122565718531	0.9930083617215028	0.0	1.0514206182933559	MIN
42	44	V	I	42	A	44	A	1AYI_A	21	1.0	0.8571428571428571	0.14285714285714285	0.0	0.19062207543124116	0.4010507031510864	0	0.5916727785823275	0.6593925161668744	0.10989875269447907	0.0	0.7692912688613536	NEU
42	45	V	T	42	A	45	A	1AYI_A	21	1.0	0.9523809523809523	0.047619047619047616	0.0	0.06703745513466478	0.2091579725132743	0	0.2761954276479391	1.03311297123404	0.051655648561701996	0.0	1.084768619795742	NEU
42	46	V	E	42	A	46	A	1AYI_A	21	1.0	0.8571428571428571	0.09523809523809523	0.047619047619047616	0.19062207543124116	0.32307784978845333	0.2091579725132743	0.7228578977329687	0.5469481283234677	0.06077201425816307	0.030386007129081537	0.6381061497107123	NEU
42	47	V	H	42	A	47	A	1AYI_A	21	1.0	0.23809523809523808	0.7619047619047619	0.0	0.4929498399741424	0.2989085125933412	0	0.7918583525674836	0.13550135592290413	0.43360433895329326	0.0	0.5691056948761974	MIN
42	49	V	D	42	A	49	A	1AYI_A	17	0.8095238095238095	0.9411764705882353	0.058823529411764705	0.0	0.08231796823561358	0.2404389906617847	0	0.3227569588973983	0.9771360833376778	0.06107100520860486	0.0	1.0382070885462826	NEU
42	50	V	G	42	A	50	A	1AYI_A	21	1.0	0.14285714285714285	0.0	0.8571428571428571	0.4010507031510864	0	0.19062207543124116	0.5916727785823275	0.10989875269447907	0.0	0.6593925161668744	0.7692912688613536	MAX
42	51	V	T	42	A	51	A	1AYI_A	21	1.0	0.9523809523809523	0.047619047619047616	0.0	0.06703745513466478	0.2091579725132743	0	0.2761954276479391	1.03311297123404	0.051655648561701996	0.0	1.084768619795742	NEU
42	53	V	L	42	A	53	A	1AYI_A	19	0.9047619047619048	1.0	0.0	0.0	-0.0	0	0	0.0	1.360964047443681	0.0	0.0	1.360964047443681	NEU
43	45	K	T	43	A	45	A	1AYI_A	21	1.0	0.09523809523809523	0.9047619047619048	0.0	0.32307784978845333	0.1306384893984915	0	0.4537163391869448	0.08640454364349869	0.8208431646132376	0.0	0.9072477082567363	MIN
43	46	K	E	43	A	46	A	1AYI_A	21	1.0	0.14285714285714285	0.8571428571428571	0.0	0.4010507031510864	0.19062207543124116	0	0.5916727785823275	0.10989875269447907	0.6593925161668744	0.0	0.7692912688613536	MIN
43	50	K	G	43	A	50	A	1AYI_A	5	0.23809523809523808	1.0	0.0	0.0	-0.0	0	0	0.0	1.360964047443681	0.0	0.0	1.360964047443681	NEU
44	46	I	E	44	A	46	A	1AYI_A	21	1.0	0.8571428571428571	0.14285714285714285	0.0	0.19062207543124116	0.4010507031510864	0	0.5916727785823275	0.6593925161668744	0.10989875269447907	0.0	0.7692912688613536	NEU
44	47	I	H	44	A	47	A	1AYI_A	6	0.2857142857142857	0.16666666666666666	0.8333333333333334	0.0	0.430827083453526	0.21919533819482817	0	0.6500224216483541	0.11849027096588782	0.5924513548294391	0.0	0.7109416257953269	MIN
44	72	I	I	44	A	72	A	1AYI_A	19	0.9047619047619048	0.0	1.0	0.0	0	-0.0	0	0.0	0.0	1.360964047443681	0.0	1.360964047443681	MIN
45	47	T	H	45	A	47	A	1AYI_A	21	1.0	0.047619047619047616	0.9523809523809523	0.0	0.2091579725132743	0.06703745513466478	0	0.2761954276479391	0.051655648561701996	1.03311297123404	0.0	1.084768619795742	MIN
45	48	T	P	45	A	48	A	1AYI_A	9	0.42857142857142855	1.0	0.0	0.0	-0.0	0	0	0.0	1.360964047443681	0.0	0.0	1.360964047443681	NEU
45	49	T	D	45	A	49	A	1AYI_A	19	0.9047619047619048	0.8947368421052632	0.10526315789473684	0.0	0.14357365406764125	0.34188710667827216	0	0.4854607607459134	0.7833450459927395	0.09215824070502818	0.0	0.8755032866977677	NEU
45	50	T	G	45	A	50	A	1AYI_A	21	1.0	0.9523809523809523	0.047619047619047616	0.0	0.06703745513466478	0.2091579725132743	0	0.2761954276479391	1.03311297123404	0.051655648561701996	0.0	1.084768619795742	NEU
45	51	T	T	45	A	51	A	1AYI_A	4	0.19047619047619047	0.0	1.0	0.0	0	-0.0	0	0.0	0.0	1.360964047443681	0.0	1.360964047443681	MIN
45	53	T	L	45	A	53	A	1AYI_A	21	1.0	0.0	1.0	0.0	0	-0.0	0	0.0	0.0	1.360964047443681	0.0	1.360964047443681	MIN
45	68	T	I	45	A	68	A	1AYI_A	20	0.9523809523809523	0.0	1.0	0.0	0	-0.0	0	0.0	0.0	1.360964047443681	0.0	1.360964047443681	MIN
45	69	T	V	45	A	69	A	1AYI_A	4	0.19047619047619047	0.0	1.0	0.0	0	-0.0	0	0.0	0.0	1.360964047443681	0.0	1.360964047443681	MIN
45	71	T	E	45	A	71	A	1AYI_A	13	0.6190476190476191	0.0	1.0	0.0	0	-0.0	0	0.0	0.0	1.360964047443681	0.0	1.360964047443681	MIN
45	72	T	I	45	A	72	A	1AYI_A	20	0.9523809523809523	0.05	0.95	0.0	0.21609640474436814	0.07030055237158808	0	0.28639695711595625	0.053728354516386245	1.0208387358113387	0.0	1.074567090327725	MIN
45	73	T	K	45	A	73	A	1AYI_A	2	0.09523809523809523	0.0	1.0	0.0	0	-0.0	0	0.0	0.0	1.360964047443681	0.0	1.360964047443681	MIN
45	75	T	W	45	A	75	A	1AYI_A	20	0.9523809523809523	0.25	0.75	0.0	0.5	0.31127812445913283	0	0.8112781244591328	0.13742148074613705	0.4122644422384112	0.0	0.5496859229845482	MIN
45	76	T	R	45	A	76	A	1AYI_A	20	0.9523809523809523	0.05	0.95	0.0	0.21609640474436814	0.07030055237158808	0	0.28639695711595625	0.053728354516386245	1.0208387358113387	0.0	1.074567090327725	MIN
45	81	T	K	45	A	81	A	1AYI_A	2	0.09523809523809523	0.0	1.0	0.0	0	-0.0	0	0.0	0.0	1.360964047443681	0.0	1.360964047443681	MIN
46	48	E	P	46	A	48	A	1AYI_A	21	1.0	0.9047619047619048	0.09523809523809523	0.0	0.1306384893984915	0.32307784978845333	0	0.4537163391869448	0.8208431646132376	0.08640454364349869	0.0	0.9072477082567363	NEU
46	50	E	G	46	A	50	A	1AYI_A	21	1.0	1.0	0.0	0.0	-0.0	0	0	0.0	1.360964047443681	0.0	0.0	1.360964047443681	NEU
46	72	E	I	46	A	72	A	1AYI_A	18	0.8571428571428571	0.8888888888888888	0.1111111111111111	0.0	0.15104444572649994	0.3522138890491458	0	0.5032583347756457	0.7624050779271424	0.0953006347408928	0.0	0.8577057126680353	NEU
46	75	E	W	46	A	75	A	1AYI_A	20	0.9523809523809523	1.0	0.0	0.0	-0.0	0	0	0.0	1.360964047443681	0.0	0.0	1.360964047443681	NEU
46	76	E	R	46	A	76	A	1AYI_A	20	0.9523809523809523	0.0	1.0	0.0	0	-0.0	0	0.0	0.0	1.360964047443681	0.0	1.360964047443681	MIN
46	79	E	N	46	A	79	A	1AYI_A	19	0.9047619047619048	0.8947368421052632	0.10526315789473684	0.0	0.14357365406764125	0.34188710667827216	0	0.4854607607459134	0.7833450459927395	0.09215824070502818	0.0	0.8755032866977677	NEU
46	80	E	G	46	A	80	A	1AYI_A	13	0.6190476190476191	1.0	0.0	0.0	-0.0	0	0	0.0	1.360964047443681	0.0	0.0	1.360964047443681	NEU
46	81	E	K	46	A	81	A	1AYI_A	3	0.14285714285714285	0.0	1.0	0.0	0	-0.0	0	0.0	0.0	1.360964047443681	0.0	1.360964047443681	MIN
47	49	H	D	47	A	49	A	1AYI_A	21	1.0	1.0	0.0	0.0	-0.0	0	0	0.0	1.360964047443681	0.0	0.0	1.360964047443681	NEU
47	50	H	G	47	A	50	A	1AYI_A	21	1.0	0.9523809523809523	0.0	0.047619047619047616	0.06703745513466478	0	0.2091579725132743	0.2761954276479391	1.03311297123404	0.0	0.051655648561701996	1.084768619795742	NEU
47	51	H	T	47	A	51	A	1AYI_A	11	0.5238095238095238	0.18181818181818182	0.8181818181818182	0.0	0.44716938520678134	0.23686905043226034	0	0.6840384356390417	0.1230773839644799	0.5538482278401595	0.0	0.6769256118046394	MIN
47	52	H	D	47	A	52	A	1AYI_A	21	1.0	0.09523809523809523	0.9047619047619048	0.0	0.32307784978845333	0.1306384893984915	0	0.4537163391869448	0.08640454364349869	0.8208431646132376	0.0	0.9072477082567363	MIN
47	53	H	L	47	A	53	A	1AYI_A	21	1.0	0.047619047619047616	0.9523809523809523	0.0	0.2091579725132743	0.06703745513466478	0	0.2761954276479391	0.051655648561701996	1.03311297123404	0.0	1.084768619795742	MIN
47	68	H	I	47	A	68	A	1AYI_A	11	0.5238095238095238	0.0	1.0	0.0	0	-0.0	0	0.0	0.0	1.360964047443681	0.0	1.360964047443681	MIN
47	71	H	E	47	A	71	A	1AYI_A	20	0.9523809523809523	0.1	0.9	0.0	0.33219280948873625	0.13680278410054497	0	0.4689955935892812	0.08919684538543998	0.8027716084689599	0.0	0.8919684538543998	MIN
47	72	H	I	47	A	72	A	1AYI_A	20	0.9523809523809523	0.5	0.5	0.0	0.5	0.5	0	1.0	0.18048202372184052	0.18048202372184052	0.0	0.36096404744368105	MIN
47	75	H	W	47	A	75	A	1AYI_A	20	0.9523809523809523	0.05	0.95	0.0	0.21609640474436814	0.07030055237158808	0	0.28639695711595625	0.053728354516386245	1.0208387358113387	0.0	1.074567090327725	MIN
47	76	H	R	47	A	76	A	1AYI_A	20	0.9523809523809523	0.1	0.9	0.0	0.33219280948873625	0.13680278410054497	0	0.4689955935892812	0.08919684538543998	0.8027716084689599	0.0	0.8919684538543998	MIN
47	79	H	N	47	A	79	A	1AYI_A	18	0.8571428571428571	0.9444444444444444	0.05555555555555555	0.0	0.07788092907019672	0.23166250008012848	0	0.3095434291503252	0.9930083617215028	0.0584122565718531	0.0	1.0514206182933559	NEU
47	81	H	K	47	A	81	A	1AYI_A	2	0.09523809523809523	0.0	1.0	0.0	0	-0.0	0	0.0	0.0	1.360964047443681	0.0	1.360964047443681	MIN
48	50	P	G	48	A	50	A	1AYI_A	21	1.0	1.0	0.0	0.0	-0.0	0	0	0.0	1.360964047443681	0.0	0.0	1.360964047443681	NEU
48	52	P	D	48	A	52	A	1AYI_A	21	1.0	1.0	0.0	0.0	-0.0	0	0	0.0	1.360964047443681	0.0	0.0	1.360964047443681	NEU
48	53	P	L	48	A	53	A	1AYI_A	2	0.09523809523809523	1.0	0.0	0.0	-0.0	0	0	0.0	1.360964047443681	0.0	0.0	1.360964047443681	NEU
48	75	P	W	48	A	75	A	1AYI_A	20	0.9523809523809523	1.0	0.0	0.0	-0.0	0	0	0.0	1.360964047443681	0.0	0.0	1.360964047443681	NEU
48	79	P	N	48	A	79	A	1AYI_A	17	0.8095238095238095	1.0	0.0	0.0	-0.0	0	0	0.0	1.360964047443681	0.0	0.0	1.360964047443681	NEU
49	51	D	T	49	A	51	A	1AYI_A	21	1.0	0.9047619047619048	0.09523809523809523	0.0	0.1306384893984915	0.32307784978845333	0	0.4537163391869448	0.8208431646132376	0.08640454364349869	0.0	0.9072477082567363	NEU
49	52	D	D	49	A	52	A	1AYI_A	21	1.0	1.0	0.0	0.0	-0.0	0	0	0.0	1.360964047443681	0.0	0.0	1.360964047443681	NEU
49	53	D	L	49	A	53	A	1AYI_A	21	1.0	0.09523809523809523	0.047619047619047616	0.8571428571428571	0.32307784978845333	0.2091579725132743	0.19062207543124116	0.7228578977329688	0.060772014258163067	0.030386007129081533	0.5469481283234676	0.6381061497107122	MAX
49	54	D	I	49	A	54	A	1AYI_A	18	0.8571428571428571	1.0	0.0	0.0	-0.0	0	0	0.0	1.360964047443681	0.0	0.0	1.360964047443681	NEU
49	56	D	Y	49	A	56	A	1AYI_A	21	1.0	0.14285714285714285	0.0	0.8571428571428571	0.4010507031510864	0	0.19062207543124116	0.5916727785823275	0.10989875269447907	0.0	0.6593925161668744	0.7692912688613536	MAX
49	58	D	S	49	A	58	A	1AYI_A	5	0.23809523809523808	0.4	0.6	0.0	0.5287712379549449	0.44217935649972373	0	0.9709505944546686	0.156005381195605	0.23400807179340746	0.0	0.39001345298901247	MIN
49	71	D	E	49	A	71	A	1AYI_A	18	0.8571428571428571	0.4444444444444444	0.5555555555555556	0.0	0.5199666673076944	0.4711093925305278	0	0.9910760598382222	0.16439466115798168	0.20549332644747714	0.0	0.3698879876054588	MIN
49	75	D	W	49	A	75	A	1AYI_A	18	0.8571428571428571	1.0	0.0	0.0	-0.0	0	0	0.0	1.360964047443681	0.0	0.0	1.360964047443681	NEU
50	52	G	D	50	A	52	A	1AYI_A	21	1.0	0.09523809523809523	0.0	0.9047619047619048	0.32307784978845333	0	0.1306384893984915	0.4537163391869448	0.08640454364349869	0.0	0.8208431646132376	0.9072477082567363	MAX
50	53	G	L	50	A	53	A	1AYI_A	21	1.0	1.0	0.0	0.0	-0.0	0	0	0.0	1.360964047443681	0.0	0.0	1.360964047443681	NEU
50	54	G	I	50	A	54	A	1AYI_A	21	1.0	1.0	0.0	0.0	-0.0	0	0	0.0	1.360964047443681	0.0	0.0	1.360964047443681	NEU
50	55	G	Y	50	A	55	A	1AYI_A	16	0.7619047619047619	1.0	0.0	0.0	-0.0	0	0	0.0	1.360964047443681	0.0	0.0	1.360964047443681	NEU
50	72	G	I	50	A	72	A	1AYI_A	6	0.2857142857142857	1.0	0.0	0.0	-0.0	0	0	0.0	1.360964047443681	0.0	0.0	1.360964047443681	NEU
51	53	T	L	51	A	53	A	1AYI_A	21	1.0	0.0	1.0	0.0	0	-0.0	0	0.0	0.0	1.360964047443681	0.0	1.360964047443681	MIN
51	54	T	I	51	A	54	A	1AYI_A	21	1.0	0.2857142857142857	0.7142857142857143	0.0	0.5163871205878868	0.3467334479787441	0	0.863120568566631	0.14224099396487144	0.3556024849121786	0.0	0.49784347887705005	MIN
51	55	T	Y	51	A	55	A	1AYI_A	21	1.0	1.0	0.0	0.0	-0.0	0	0	0.0	1.360964047443681	0.0	0.0	1.360964047443681	NEU
51	56	T	Y	51	A	56	A	1AYI_A	21	1.0	1.0	0.0	0.0	-0.0	0	0	0.0	1.360964047443681	0.0	0.0	1.360964047443681	NEU
52	54	D	I	52	A	54	A	1AYI_A	21	1.0	1.0	0.0	0.0	-0.0	0	0	0.0	1.360964047443681	0.0	0.0	1.360964047443681	NEU
52	55	D	Y	52	A	55	A	1AYI_A	21	1.0	0.0	0.0	1.0	0	0	-0.0	0.0	0.0	0.0	1.360964047443681	1.360964047443681	MAX
52	56	D	Y	52	A	56	A	1AYI_A	21	1.0	0.5238095238095238	0.0	0.47619047619047616	0.4886544688360045	0	0.5097092037578086	0.9983636725938131	0.18993352968326419	0.0	0.17266684516660377	0.36260037484986796	NEU
52	57	D	P	52	A	57	A	1AYI_A	21	1.0	1.0	0.0	0.0	-0.0	0	0	0.0	1.360964047443681	0.0	0.0	1.360964047443681	NEU
52	58	D	S	52	A	58	A	1AYI_A	6	0.2857142857142857	0.5	0.5	0.0	0.5	0.5	0	1.0	0.18048202372184052	0.18048202372184052	0.0	0.36096404744368105	MIN
53	55	L	Y	53	A	55	A	1AYI_A	21	1.0	1.0	0.0	0.0	-0.0	0	0	0.0	1.360964047443681	0.0	0.0	1.360964047443681	NEU
53	56	L	Y	53	A	56	A	1AYI_A	21	1.0	1.0	0.0	0.0	-0.0	0	0	0.0	1.360964047443681	0.0	0.0	1.360964047443681	NEU
53	57	L	P	53	A	57	A	1AYI_A	21	1.0	1.0	0.0	0.0	-0.0	0	0	0.0	1.360964047443681	0.0	0.0	1.360964047443681	NEU
53	58	L	S	53	A	58	A	1AYI_A	5	0.23809523809523808	1.0	0.0	0.0	-0.0	0	0	0.0	1.360964047443681	0.0	0.0	1.360964047443681	NEU
53	61	L	R	53	A	61	A	1AYI_A	5	0.23809523809523808	1.0	0.0	0.0	-0.0	0	0	0.0	1.360964047443681	0.0	0.0	1.360964047443681	NEU
53	62	L	D	53	A	62	A	1AYI_A	13	0.6190476190476191	1.0	0.0	0.0	-0.0	0	0	0.0	1.360964047443681	0.0	0.0	1.360964047443681	NEU
53	63	L	D	53	A	63	A	1AYI_A	14	0.6666666666666666	0.8571428571428571	0.14285714285714285	0.0	0.19062207543124116	0.4010507031510864	0	0.5916727785823275	0.6593925161668744	0.10989875269447907	0.0	0.7692912688613536	NEU
53	67	L	G	53	A	67	A	1AYI_A	16	0.7619047619047619	1.0	0.0	0.0	-0.0	0	0	0.0	1.360964047443681	0.0	0.0	1.360964047443681	NEU
53	68	L	I	53	A	68	A	1AYI_A	20	0.9523809523809523	0.0	1.0	0.0	0	-0.0	0	0.0	0.0	1.360964047443681	0.0	1.360964047443681	MIN
53	71	L	E	53	A	71	A	1AYI_A	20	0.9523809523809523	0.7	0.3	0.0	0.3602012209808308	0.5210896782498619	0	0.8812908992306927	0.3357712037490918	0.1439019444638965	0.0	0.47967314821298834	NEU
53	72	L	I	53	A	72	A	1AYI_A	20	0.9523809523809523	0.0	1.0	0.0	0	-0.0	0	0.0	0.0	1.360964047443681	0.0	1.360964047443681	MIN
53	75	L	W	53	A	75	A	1AYI_A	18	0.8571428571428571	0.0	1.0	0.0	0	-0.0	0	0.0	0.0	1.360964047443681	0.0	1.360964047443681	MIN
54	56	I	Y	54	A	56	A	1AYI_A	21	1.0	0.9523809523809523	0.047619047619047616	0.0	0.06703745513466478	0.2091579725132743	0	0.2761954276479391	1.03311297123404	0.051655648561701996	0.0	1.084768619795742	NEU
54	57	I	P	54	A	57	A	1AYI_A	21	1.0	1.0	0.0	0.0	-0.0	0	0	0.0	1.360964047443681	0.0	0.0	1.360964047443681	NEU
54	63	I	D	54	A	63	A	1AYI_A	17	0.8095238095238095	0.8235294117647058	0.17647058823529413	0.0	0.2306771099234291	0.4416177071522089	0	0.672294817075638	0.5671393661854472	0.12152986418259584	0.0	0.6886692303680431	NEU
54	65	I	P	54	A	65	A	1AYI_A	17	0.8095238095238095	0.5294117647058824	0.47058823529411764	0.0	0.4857553269571908	0.5117472194119245	0	0.9975025463691153	0.1924207946865348	0.17104070638803096	0.0	0.36346150107456576	NEU
54	68	I	I	54	A	68	A	1AYI_A	20	0.9523809523809523	0.0	1.0	0.0	0	-0.0	0	0.0	0.0	1.360964047443681	0.0	1.360964047443681	MIN
55	57	Y	P	55	A	57	A	1AYI_A	21	1.0	0.6666666666666666	0.0	0.3333333333333333	0.38997500048077083	0	0.5283208335737187	0.9182958340544896	0.295112142259461	0.0	0.1475560711297305	0.4426682133891915	NEU
55	63	Y	D	55	A	63	A	1AYI_A	16	0.7619047619047619	0.9375	0.0	0.0625	0.08729006661701388	0	0.25	0.3372900666170139	0.9596943570250004	0.0	0.06397962380166669	1.023673980826667	NEU
56	58	Y	S	56	A	58	A	1AYI_A	21	1.0	0.38095238095238093	0.0	0.6190476190476191	0.5304066372490516	0	0.42830524572808026	0.9587118829771318	0.15323891979678064	0.0	0.24901324466976857	0.4022521644665492	MAX
56	63	Y	D	56	A	63	A	1AYI_A	16	0.7619047619047619	0.9375	0.0	0.0625	0.08729006661701388	0	0.25	0.3372900666170139	0.9596943570250004	0.0	0.06397962380166669	1.023673980826667	NEU
57	59	P	D	57	A	59	A	1AYI_A	21	1.0	0.38095238095238093	0.0	0.6190476190476191	0.5304066372490516	0	0.42830524572808026	0.9587118829771318	0.15323891979678064	0.0	0.24901324466976857	0.4022521644665492	MAX
57	60	P	N	57	A	60	A	1AYI_A	19	0.9047619047619048	1.0	0.0	0.0	-0.0	0	0	0.0	1.360964047443681	0.0	0.0	1.360964047443681	NEU
57	61	P	R	57	A	61	A	1AYI_A	21	1.0	0.8095238095238095	0.0	0.19047619047619047	0.24678704218967404	0	0.4556795091007162	0.7024665512903903	0.5330694016479021	0.0	0.12542809450538872	0.6584974961532908	NEU
57	62	P	D	57	A	62	A	1AYI_A	20	0.9523809523809523	1.0	0.0	0.0	-0.0	0	0	0.0	1.360964047443681	0.0	0.0	1.360964047443681	NEU
57	63	P	D	57	A	63	A	1AYI_A	21	1.0	1.0	0.0	0.0	-0.0	0	0	0.0	1.360964047443681	0.0	0.0	1.360964047443681	NEU
57	64	P	S	57	A	64	A	1AYI_A	19	0.9047619047619048	1.0	0.0	0.0	-0.0	0	0	0.0	1.360964047443681	0.0	0.0	1.360964047443681	NEU
57	67	P	G	57	A	67	A	1AYI_A	20	0.9523809523809523	1.0	0.0	0.0	-0.0	0	0	0.0	1.360964047443681	0.0	0.0	1.360964047443681	NEU
57	68	P	I	57	A	68	A	1AYI_A	20	0.9523809523809523	1.0	0.0	0.0	-0.0	0	0	0.0	1.360964047443681	0.0	0.0	1.360964047443681	NEU
57	71	P	E	57	A	71	A	1AYI_A	19	0.9047619047619048	0.8421052631578947	0.15789473684210525	0.0	0.20878106395249313	0.42046815990354147	0	0.6292492238560345	0.6161809040738075	0.11553391951383891	0.0	0.7317148235876465	NEU
58	60	S	N	58	A	60	A	1AYI_A	18	0.8571428571428571	0.8888888888888888	0.0	0.1111111111111111	0.15104444572649994	0	0.3522138890491458	0.5032583347756457	0.7624050779271424	0.0	0.0953006347408928	0.8577057126680353	NEU
58	61	S	R	58	A	61	A	1AYI_A	21	1.0	0.9047619047619048	0.0	0.09523809523809523	0.1306384893984915	0	0.32307784978845333	0.4537163391869448	0.8208431646132376	0.0	0.08640454364349869	0.9072477082567363	NEU
58	62	S	D	58	A	62	A	1AYI_A	16	0.7619047619047619	0.375	0.0625	0.5625	0.5306390622295664	0.25	0.4669171866886993	1.2475562489182657	0.04252792444703077	0.007087987407838461	0.06379188667054615	0.11340779852541538	MAX
58	63	S	D	58	A	63	A	1AYI_A	21	1.0	0.7619047619047619	0.14285714285714285	0.09523809523809523	0.2989085125933412	0.4010507031510864	0.32307784978845333	1.0230370655328809	0.25746817669394295	0.04827528313011431	0.03218352208674287	0.3379269819108002	NEU
58	67	S	G	58	A	67	A	1AYI_A	2	0.09523809523809523	1.0	0.0	0.0	-0.0	0	0	0.0	1.360964047443681	0.0	0.0	1.360964047443681	NEU
58	71	S	E	58	A	71	A	1AYI_A	5	0.23809523809523808	0.4	0.6	0.0	0.5287712379549449	0.44217935649972373	0	0.9709505944546686	0.156005381195605	0.23400807179340746	0.0	0.39001345298901247	MIN
59	61	D	R	59	A	61	A	1AYI_A	21	1.0	0.3333333333333333	0.23809523809523808	0.42857142857142855	0.5283208335737187	0.4929498399741424	0.5238824662870492	1.5451531398349103	-0.061396364130409754	-0.04385454580743554	-0.07893818245338396	-0.18418909239122927	MAX
59	62	D	D	59	A	62	A	1AYI_A	15	0.7142857142857143	0.4	0.0	0.6	0.5287712379549449	0	0.44217935649972373	0.9709505944546686	0.156005381195605	0.0	0.23400807179340746	0.39001345298901247	MAX
59	63	D	D	59	A	63	A	1AYI_A	19	0.9047619047619048	1.0	0.0	0.0	-0.0	0	0	0.0	1.360964047443681	0.0	0.0	1.360964047443681	NEU
59	67	D	G	59	A	67	A	1AYI_A	15	0.7142857142857143	1.0	0.0	0.0	-0.0	0	0	0.0	1.360964047443681	0.0	0.0	1.360964047443681	NEU
60	62	N	D	60	A	62	A	1AYI_A	21	1.0	0.9047619047619048	0.09523809523809523	0.0	0.1306384893984915	0.32307784978845333	0	0.4537163391869448	0.8208431646132376	0.08640454364349869	0.0	0.9072477082567363	NEU
60	63	N	D	60	A	63	A	1AYI_A	17	0.8095238095238095	0.7647058823529411	0.0	0.23529411764705882	0.29595885884824796	0	0.49116772735302106	0.7871265862012691	0.4388168821265503	0.0	0.13502057911586163	0.573837461242412	NEU
60	64	N	S	60	A	64	A	1AYI_A	14	0.6666666666666666	1.0	0.0	0.0	-0.0	0	0	0.0	1.360964047443681	0.0	0.0	1.360964047443681	NEU
61	63	R	D	61	A	63	A	1AYI_A	21	1.0	0.7619047619047619	0.19047619047619047	0.047619047619047616	0.2989085125933412	0.4556795091007162	0.2091579725132743	0.9637459942073316	0.3026423262753138	0.07566058156882845	0.018915145392207112	0.3972180532363494	NEU
61	64	R	S	61	A	64	A	1AYI_A	20	0.9523809523809523	1.0	0.0	0.0	-0.0	0	0	0.0	1.360964047443681	0.0	0.0	1.360964047443681	NEU
61	67	R	G	61	A	67	A	1AYI_A	20	0.9523809523809523	0.7	0.0	0.3	0.3602012209808308	0	0.5210896782498619	0.8812908992306927	0.3357712037490918	0.0	0.1439019444638965	0.47967314821298834	NEU
61	68	R	I	61	A	68	A	1AYI_A	5	0.23809523809523808	1.0	0.0	0.0	-0.0	0	0	0.0	1.360964047443681	0.0	0.0	1.360964047443681	NEU
61	70	R	K	61	A	70	A	1AYI_A	4	0.19047619047619047	1.0	0.0	0.0	-0.0	0	0	0.0	1.360964047443681	0.0	0.0	1.360964047443681	NEU
61	71	R	E	61	A	71	A	1AYI_A	5	0.23809523809523808	1.0	0.0	0.0	-0.0	0	0	0.0	1.360964047443681	0.0	0.0	1.360964047443681	NEU
62	64	D	S	62	A	64	A	1AYI_A	21	1.0	0.8571428571428571	0.0	0.14285714285714285	0.19062207543124116	0	0.4010507031510864	0.5916727785823275	0.6593925161668744	0.0	0.10989875269447907	0.7692912688613536	NEU
62	65	D	P	62	A	65	A	1AYI_A	4	0.19047619047619047	0.5	0.5	0.0	0.5	0.5	0	1.0	0.18048202372184052	0.18048202372184052	0.0	0.36096404744368105	MIN
62	66	D	E	62	A	66	A	1AYI_A	5	0.23809523809523808	0.6	0.0	0.4	0.44217935649972373	0	0.5287712379549449	0.9709505944546686	0.23400807179340746	0.0	0.156005381195605	0.39001345298901247	NEU
62	67	D	G	62	A	67	A	1AYI_A	20	0.9523809523809523	0.35	0.0	0.65	0.5301006104904155	0	0.4039674448850756	0.934068055375491	0.14941359722386652	0.0	0.2774823948443236	0.42689599206819007	MAX
62	68	D	I	62	A	68	A	1AYI_A	20	0.9523809523809523	1.0	0.0	0.0	-0.0	0	0	0.0	1.360964047443681	0.0	0.0	1.360964047443681	NEU
62	70	D	K	62	A	70	A	1AYI_A	13	0.6190476190476191	0.46153846153846156	0.5384615384615384	0.0	0.5148356388092012	0.4808918132757244	0	0.9957274520849256	0.1685707363194256	0.19666585903932982	0.0	0.3652365953587554	MIN
62	71	D	E	62	A	71	A	1AYI_A	20	0.9523809523809523	0.35	0.65	0.0	0.5301006104904155	0.4039674448850756	0	0.934068055375491	0.14941359722386652	0.2774823948443236	0.0	0.42689599206819007	MIN
63	65	D	P	63	A	65	A	1AYI_A	17	0.8095238095238095	0.6470588235294118	0.35294117647058826	0.0	0.40637314404373315	0.5302942378338295	0	0.9366673818775626	0.2745449012486649	0.14975176431745357	0.0	0.42429666556611845	NEU
63	67	D	G	63	A	67	A	1AYI_A	20	0.9523809523809523	1.0	0.0	0.0	-0.0	0	0	0.0	1.360964047443681	0.0	0.0	1.360964047443681	NEU
63	68	D	I	63	A	68	A	1AYI_A	20	0.9523809523809523	1.0	0.0	0.0	-0.0	0	0	0.0	1.360964047443681	0.0	0.0	1.360964047443681	NEU
64	66	S	E	64	A	66	A	1AYI_A	20	0.9523809523809523	0.95	0.0	0.05	0.07030055237158808	0	0.21609640474436814	0.28639695711595625	1.0208387358113387	0.0	0.053728354516386245	1.074567090327725	NEU
64	67	S	G	64	A	67	A	1AYI_A	20	0.9523809523809523	0.9	0.0	0.1	0.13680278410054497	0	0.33219280948873625	0.4689955935892812	0.8027716084689599	0.0	0.08919684538543998	0.8919684538543998	NEU
64	68	S	I	64	A	68	A	1AYI_A	20	0.9523809523809523	1.0	0.0	0.0	-0.0	0	0	0.0	1.360964047443681	0.0	0.0	1.360964047443681	NEU
64	69	S	V	64	A	69	A	1AYI_A	20	0.9523809523809523	1.0	0.0	0.0	-0.0	0	0	0.0	1.360964047443681	0.0	0.0	1.360964047443681	NEU
64	70	S	K	64	A	70	A	1AYI_A	19	0.9047619047619048	1.0	0.0	0.0	-0.0	0	0	0.0	1.360964047443681	0.0	0.0	1.360964047443681	NEU
65	67	P	G	65	A	67	A	1AYI_A	20	0.9523809523809523	0.9	0.1	0.0	0.13680278410054497	0.33219280948873625	0	0.4689955935892812	0.8027716084689599	0.08919684538543998	0.0	0.8919684538543998	NEU
65	68	P	I	65	A	68	A	1AYI_A	20	0.9523809523809523	1.0	0.0	0.0	-0.0	0	0	0.0	1.360964047443681	0.0	0.0	1.360964047443681	NEU
65	69	P	V	65	A	69	A	1AYI_A	20	0.9523809523809523	1.0	0.0	0.0	-0.0	0	0	0.0	1.360964047443681	0.0	0.0	1.360964047443681	NEU
66	68	E	I	66	A	68	A	1AYI_A	20	0.9523809523809523	0.6	0.4	0.0	0.44217935649972373	0.5287712379549449	0	0.9709505944546686	0.23400807179340746	0.156005381195605	0.0	0.39001345298901247	NEU
66	69	E	V	66	A	69	A	1AYI_A	20	0.9523809523809523	0.4	0.6	0.0	0.5287712379549449	0.44217935649972373	0	0.9709505944546686	0.156005381195605	0.23400807179340746	0.0	0.39001345298901247	MIN
66	70	E	K	66	A	70	A	1AYI_A	20	0.9523809523809523	0.45	0.45	0.1	0.5184013920502726	0.5184013920502726	0.33219280948873625	1.3689955935892815	-0.0036141957655201895	-0.0036141957655201895	-0.0008031546145600421	-0.008031546145600421	MIN
67	69	G	V	67	A	69	A	1AYI_A	20	0.9523809523809523	1.0	0.0	0.0	-0.0	0	0	0.0	1.360964047443681	0.0	0.0	1.360964047443681	NEU
67	70	G	K	67	A	70	A	1AYI_A	20	0.9523809523809523	0.25	0.05	0.7	0.5	0.21609640474436814	0.3602012209808308	1.076297625725199	0.0711666054296205	0.014233321085924101	0.19926649520293738	0.284666421718482	MAX
67	71	G	E	67	A	71	A	1AYI_A	20	0.9523809523809523	0.8	0.2	0.0	0.2575424759098898	0.46438561897747244	0	0.7219280948873623	0.511228762045055	0.12780719051126374	0.0	0.6390359525563187	NEU
67	72	G	I	67	A	72	A	1AYI_A	4	0.19047619047619047	1.0	0.0	0.0	-0.0	0	0	0.0	1.360964047443681	0.0	0.0	1.360964047443681	NEU
67	73	G	K	67	A	73	A	1AYI_A	2	0.09523809523809523	1.0	0.0	0.0	-0.0	0	0	0.0	1.360964047443681	0.0	0.0	1.360964047443681	NEU
68	70	I	K	68	A	70	A	1AYI_A	20	0.9523809523809523	0.95	0.05	0.0	0.07030055237158808	0.21609640474436814	0	0.28639695711595625	1.0208387358113387	0.053728354516386245	0.0	1.074567090327725	NEU
68	71	I	E	68	A	71	A	1AYI_A	20	0.9523809523809523	0.7	0.3	0.0	0.3602012209808308	0.5210896782498619	0	0.8812908992306927	0.3357712037490918	0.1439019444638965	0.0	0.47967314821298834	NEU
68	72	I	I	68	A	72	A	1AYI_A	20	0.9523809523809523	0.0	1.0	0.0	0	-0.0	0	0.0	0.0	1.360964047443681	0.0	1.360964047443681	MIN
69	71	V	E	69	A	71	A	1AYI_A	20	0.9523809523809523	0.1	0.9	0.0	0.33219280948873625	0.13680278410054497	0	0.4689955935892812	0.08919684538543998	0.8027716084689599	0.0	0.8919684538543998	MIN
69	72	V	I	69	A	72	A	1AYI_A	20	0.9523809523809523	0.3	0.7	0.0	0.5210896782498619	0.3602012209808308	0	0.8812908992306927	0.1439019444638965	0.3357712037490918	0.0	0.47967314821298834	MIN
69	73	V	K	69	A	73	A	1AYI_A	20	0.9523809523809523	0.75	0.05	0.2	0.31127812445913283	0.21609640474436814	0.46438561897747244	0.9917601481809734	0.2769029244470308	0.018460194963135387	0.07384077985254155	0.3692038992627077	NEU
70	72	K	I	70	A	72	A	1AYI_A	20	0.9523809523809523	1.0	0.0	0.0	-0.0	0	0	0.0	1.360964047443681	0.0	0.0	1.360964047443681	NEU
70	73	K	K	70	A	73	A	1AYI_A	20	0.9523809523809523	0.2	0.0	0.8	0.46438561897747244	0	0.2575424759098898	0.7219280948873623	0.12780719051126374	0.0	0.511228762045055	0.6390359525563187	MAX
70	74	K	E	70	A	74	A	1AYI_A	20	0.9523809523809523	0.85	0.0	0.15	0.19929546559146952	0	0.4105448391249309	0.6098403047164004	0.6384551813181886	0.0	0.1126685614090921	0.7511237427272807	NEU
71	73	E	K	71	A	73	A	1AYI_A	21	1.0	0.19047619047619047	0.7619047619047619	0.047619047619047616	0.4556795091007162	0.2989085125933412	0.2091579725132743	0.9637459942073318	0.07566058156882843	0.30264232627531373	0.01891514539220711	0.3972180532363493	MIN
71	74	E	E	71	A	74	A	1AYI_A	20	0.9523809523809523	0.8	0.0	0.2	0.2575424759098898	0	0.46438561897747244	0.7219280948873623	0.511228762045055	0.0	0.12780719051126374	0.6390359525563187	NEU
71	75	E	W	71	A	75	A	1AYI_A	20	0.9523809523809523	0.8	0.2	0.0	0.2575424759098898	0.46438561897747244	0	0.7219280948873623	0.511228762045055	0.12780719051126374	0.0	0.6390359525563187	NEU
72	74	I	E	72	A	74	A	1AYI_A	21	1.0	1.0	0.0	0.0	-0.0	0	0	0.0	1.360964047443681	0.0	0.0	1.360964047443681	NEU
72	75	I	W	72	A	75	A	1AYI_A	20	0.9523809523809523	0.0	1.0	0.0	0	-0.0	0	0.0	0.0	1.360964047443681	0.0	1.360964047443681	MIN
72	76	I	R	72	A	76	A	1AYI_A	20	0.9523809523809523	1.0	0.0	0.0	-0.0	0	0	0.0	1.360964047443681	0.0	0.0	1.360964047443681	NEU
72	77	I	A	72	A	77	A	1AYI_A	5	0.23809523809523808	1.0	0.0	0.0	-0.0	0	0	0.0	1.360964047443681	0.0	0.0	1.360964047443681	NEU
72	81	I	K	72	A	81	A	1AYI_A	2	0.09523809523809523	0.0	1.0	0.0	0	-0.0	0	0.0	0.0	1.360964047443681	0.0	1.360964047443681	MIN
72	83	I	G	72	A	83	A	1AYI_A	2	0.09523809523809523	0.5	0.5	0.0	0.5	0.5	0	1.0	0.18048202372184052	0.18048202372184052	0.0	0.36096404744368105	MIN
73	75	K	W	73	A	75	A	1AYI_A	20	0.9523809523809523	0.45	0.05	0.5	0.5184013920502726	0.21609640474436814	0.5	1.2344977967946407	0.05690981279206817	0.006323312532452019	0.06323312532452019	0.12646625064904038	MAX
73	76	K	R	73	A	76	A	1AYI_A	20	0.9523809523809523	0.05	0.0	0.95	0.21609640474436814	0	0.07030055237158808	0.28639695711595625	0.053728354516386245	0.0	1.0208387358113387	1.074567090327725	MAX
73	77	K	A	73	A	77	A	1AYI_A	21	1.0	0.14285714285714285	0.0	0.8571428571428571	0.4010507031510864	0	0.19062207543124116	0.5916727785823275	0.10989875269447907	0.0	0.6593925161668744	0.7692912688613536	MAX
73	83	K	G	73	A	83	A	1AYI_A	2	0.09523809523809523	0.5	0.0	0.5	0.5	0	0.5	1.0	0.18048202372184052	0.0	0.18048202372184052	0.36096404744368105	NEU
74	76	E	R	74	A	76	A	1AYI_A	20	0.9523809523809523	0.1	0.9	0.0	0.33219280948873625	0.13680278410054497	0	0.4689955935892812	0.08919684538543998	0.8027716084689599	0.0	0.8919684538543998	MIN
74	77	E	A	74	A	77	A	1AYI_A	20	0.9523809523809523	0.0	0.0	1.0	0	0	-0.0	0.0	0.0	0.0	1.360964047443681	1.360964047443681	MAX
74	78	E	A	74	A	78	A	1AYI_A	20	0.9523809523809523	0.2	0.3	0.5	0.46438561897747244	0.5210896782498619	0.5	1.4854752972273344	-0.02490224995673067	-0.037353374935096	-0.06225562489182668	-0.12451124978365335	MAX
75	77	W	A	75	A	77	A	1AYI_A	20	0.9523809523809523	1.0	0.0	0.0	-0.0	0	0	0.0	1.360964047443681	0.0	0.0	1.360964047443681	NEU
75	78	W	A	75	A	78	A	1AYI_A	19	0.9047619047619048	0.5263157894736842	0.47368421052631576	0.0	0.48736811502959115	0.5106327688427084	0	0.9980008838722996	0.1910332439849376	0.17192991958644385	0.0	0.3629631635713815	NEU
75	79	W	N	75	A	79	A	1AYI_A	19	0.9047619047619048	1.0	0.0	0.0	-0.0	0	0	0.0	1.360964047443681	0.0	0.0	1.360964047443681	NEU
75	80	W	G	75	A	80	A	1AYI_A	15	0.7142857142857143	1.0	0.0	0.0	-0.0	0	0	0.0	1.360964047443681	0.0	0.0	1.360964047443681	NEU
75	81	W	K	75	A	81	A	1AYI_A	3	0.14285714285714285	0.6666666666666666	0.0	0.3333333333333333	0.38997500048077083	0	0.5283208335737187	0.9182958340544896	0.295112142259461	0.0	0.1475560711297305	0.4426682133891915	NEU
76	78	R	A	76	A	78	A	1AYI_A	19	0.9047619047619048	0.9473684210526315	0.05263157894736842	0.0	0.07389711663278514	0.22357513228650452	0	0.2974722489192897	1.007518545970476	0.05597325255391534	0.0	1.0634917985243915	NEU
76	79	R	N	76	A	79	A	1AYI_A	19	0.9047619047619048	0.631578947368421	0.0	0.3684210526315789	0.4187147448773238	0	0.5307372705106247	0.9494520153879484	0.2599023360351995	0.0	0.15160969602053306	0.4115120320557326	NEU
76	80	R	G	76	A	80	A	1AYI_A	19	0.9047619047619048	0.3157894736842105	0.0	0.6842105263157895	0.5251468461228724	0	0.37459691257539013	0.8997437586982626	0.1456485122353953	0.0	0.31557177651002316	0.4612202887454184	MAX
76	81	R	K	76	A	81	A	1AYI_A	3	0.14285714285714285	0.6666666666666666	0.0	0.3333333333333333	0.38997500048077083	0	0.5283208335737187	0.9182958340544896	0.295112142259461	0.0	0.1475560711297305	0.4426682133891915	NEU
77	79	A	N	77	A	79	A	1AYI_A	20	0.9523809523809523	1.0	0.0	0.0	-0.0	0	0	0.0	1.360964047443681	0.0	0.0	1.360964047443681	NEU
77	80	A	G	77	A	80	A	1AYI_A	20	0.9523809523809523	0.95	0.0	0.05	0.07030055237158808	0	0.21609640474436814	0.28639695711595625	1.0208387358113387	0.0	0.053728354516386245	1.074567090327725	NEU
77	81	A	K	77	A	81	A	1AYI_A	4	0.19047619047619047	1.0	0.0	0.0	-0.0	0	0	0.0	1.360964047443681	0.0	0.0	1.360964047443681	NEU
78	80	A	G	78	A	80	A	1AYI_A	20	0.9523809523809523	1.0	0.0	0.0	-0.0	0	0	0.0	1.360964047443681	0.0	0.0	1.360964047443681	NEU
78	81	A	K	78	A	81	A	1AYI_A	4	0.19047619047619047	1.0	0.0	0.0	-0.0	0	0	0.0	1.360964047443681	0.0	0.0	1.360964047443681	NEU
79	81	N	K	79	A	81	A	1AYI_A	4	0.19047619047619047	0.75	0.0	0.25	0.31127812445913283	0	0.5	0.8112781244591328	0.4122644422384112	0.0	0.13742148074613705	0.5496859229845482	NEU
82	84	P	F	82	A	84	A	1AYI_A	2	0.09523809523809523	0.5	0.5	0.0	0.5	0.5	0	1.0	0.18048202372184052	0.18048202372184052	0.0	0.36096404744368105	MIN
83	85	G	K	83	A	85	A	1AYI_A	2	0.09523809523809523	1.0	0.0	0.0	-0.0	0	0	0.0	1.360964047443681	0.0	0.0	1.360964047443681	NEU
84	86	F	Q	84	A	86	A	1AYI_A	2	0.09523809523809523	1.0	0.0	0.0	-0.0	0	0	0.0	1.360964047443681	0.0	0.0	1.360964047443681	NEU
