Res	AA_Ref	Num_Ref	Prot_Ref	%Min	%Neu	%Max	CantMin	CantNeu	CantMax	ICMin	ICNeu	ICMax	ICTot	FrustIC
1	M	1	1AYI_A	0.3333333	0.5714286	0.0952381	7	12	2	-0.00682669	-0.0117029	-0.001950483	-0.02048007	NEU
2	E	2	1AYI_A	0.9047619	0.0952381	0	19	2	0	0.7586862	0.07986171	0	0.8385479	MIN
3	L	3	1AYI_A	0.9047619	0.0952381	0	19	2	0	0.7586862	0.07986171	0	0.8385479	MIN
4	K	4	1AYI_A	0.2380952	0.7619048	0	5	16	0	0.1191443	0.3812617	0	0.5004059	NEU
5	N	5	1AYI_A	0.04761905	0.952381	0	1	20	0	0.04838423	0.9676846	0	1.016069	NEU
6	S	6	1AYI_A	0.0952381	0.7619048	0.1428571	2	16	3	0.02564069	0.2051255	0.03846103	0.2692272	NEU
7	I	7	1AYI_A	0.952381	0.04761905	0	20	1	0	0.9676846	0.04838423	0	1.016069	MIN
8	S	8	1AYI_A	0.1428571	0.8571429	0	3	18	0	0.1000845	0.600507	0	0.7005915	NEU
9	D	9	1AYI_A	0.0952381	0.8095238	0.0952381	2	17	2	0.03803062	0.3232603	0.03803062	0.3993215	NEU
10	Y	10	1AYI_A	0	0.6190476	0.3809524	0	13	8	0	0.2064848	0.1270676	0.3335524	NEU
11	T	11	1AYI_A	0.3333333	0.6666667	0	7	14	0	0.1246561	0.2493123	0	0.3739684	NEU
12	E	12	1AYI_A	0	1	0	0	21	0	0	1.292264	0	1.292264	NEU
13	A	13	1AYI_A	0.7619048	0.2380952	0	16	5	0	0.3812617	0.1191443	0	0.5004059	MIN
14	E	14	1AYI_A	0.04761905	0.952381	0	1	20	0	0.04838423	0.9676846	0	1.016069	NEU
15	F	15	1AYI_A	0.1428571	0.8571429	0	3	18	0	0.1000845	0.600507	0	0.7005915	NEU
16	V	16	1AYI_A	1	0	0	21	0	0	1.292264	0	0	1.292264	MIN
17	Q	17	1AYI_A	0.0952381	0.6190476	0.2857143	2	13	6	0.002332768	0.01516299	0.006998305	0.02449407	NEU
18	L	18	1AYI_A	0.4285714	0.5714286	0	9	12	0	0.1315869	0.1754492	0	0.3070361	NEU
19	L	19	1AYI_A	1	0	0	21	0	0	1.292264	0	0	1.292264	MIN
20	K	20	1AYI_A	0	0.5714286	0.4285714	0	12	9	0	0.1754492	0.1315869	0.3070361	NEU
21	E	21	1AYI_A	0.04761905	0.7619048	0.1904762	1	16	4	0.01564373	0.2502996	0.06257491	0.3285183	NEU
22	I	22	1AYI_A	1	0	0	21	0	0	1.292264	0	0	1.292264	MIN
23	E	23	1AYI_A	0.1904762	0.4761905	0.3333333	4	10	7	-0.03837053	-0.09592632	-0.06714842	-0.2014453	NEU
24	K	24	1AYI_A	0.0952381	0.8095238	0.0952381	2	17	2	0.03803062	0.3232603	0.03803062	0.3993215	NEU
25	E	25	1AYI_A	0.04761905	0.6190476	0.3333333	1	13	7	0.006022868	0.07829729	0.04216008	0.1264802	NEU
26	N	26	1AYI_A	0	0.5238095	0.4761905	0	11	10	0	0.1539479	0.1399527	0.2939006	NEU
27	V	27	1AYI_A	0.04761905	0.952381	0	1	20	0	0.04838423	0.9676846	0	1.016069	NEU
28	A	28	1AYI_A	0	1	0	0	21	0	0	1.292264	0	1.292264	NEU
29	A	29	1AYI_A	0.2380952	0.6190476	0.1428571	5	13	3	-0.007152739	-0.01859712	-0.004291644	-0.03004151	NEU
30	T	30	1AYI_A	0.1428571	0.8095238	0.04761905	3	17	1	0.06218122	0.3523603	0.02072707	0.4352686	NEU
31	D	31	1AYI_A	0.1428571	0.7619048	0.0952381	3	16	2	0.03846103	0.2051255	0.02564069	0.2692272	NEU
32	D	32	1AYI_A	0.0952381	0.8095238	0.0952381	2	17	2	0.03803062	0.3232603	0.03803062	0.3993215	NEU
33	V	33	1AYI_A	0.7894737	0.2105263	0	15	4	0	0.4283251	0.11422	0	0.5425452	MIN
34	L	34	1AYI_A	0.9047619	0.0952381	0	19	2	0	0.7586862	0.07986171	0	0.8385479	MIN
35	D	35	1AYI_A	0.04761905	0.5238095	0.4285714	1	11	9	0.003360446	0.03696491	0.03024402	0.07056938	NEU
36	V	36	1AYI_A	0.5714286	0.3809524	0.04761905	12	8	1	0.05220229	0.03480153	0.004350191	0.091354	MIN
37	L	37	1AYI_A	1	0	0	21	0	0	1.292264	0	0	1.292264	MIN
38	L	38	1AYI_A	1	0	0	21	0	0	1.292264	0	0	1.292264	MIN
39	E	39	1AYI_A	0.04761905	0.6666667	0.2857143	1	14	6	0.00841639	0.1178295	0.05049834	0.1767442	NEU
40	H	40	1AYI_A	0	1	0	0	21	0	0	1.292264	0	1.292264	NEU
41	F	41	1AYI_A	0.8571429	0.1428571	0	18	3	0	0.600507	0.1000845	0	0.7005915	MIN
42	V	42	1AYI_A	0.0952381	0.9047619	0	2	19	0	0.07986171	0.7586862	0	0.8385479	NEU
43	K	43	1AYI_A	0.5238095	0.4761905	0	11	10	0	0.1539479	0.1399527	0	0.2939006	MIN
44	I	44	1AYI_A	1	0	0	21	0	0	1.292264	0	0	1.292264	MIN
45	T	45	1AYI_A	0	1	0	0	21	0	0	1.292264	0	1.292264	NEU
46	E	46	1AYI_A	0.8095238	0.1904762	0	17	4	0	0.4774553	0.1123424	0	0.5897977	MIN
47	H	47	1AYI_A	0	0.9047619	0.0952381	0	19	2	0	0.7586862	0.07986171	0.8385479	NEU
48	P	48	1AYI_A	0.4761905	0.5238095	0	10	11	0	0.1399527	0.1539479	0	0.2939006	NEU
49	D	49	1AYI_A	0	1	0	0	21	0	0	1.292264	0	1.292264	NEU
50	G	50	1AYI_A	0.04761905	0.952381	0	1	20	0	0.04838423	0.9676846	0	1.016069	NEU
51	T	51	1AYI_A	0	1	0	0	21	0	0	1.292264	0	1.292264	NEU
52	D	52	1AYI_A	0	0.9047619	0.0952381	0	19	2	0	0.7586862	0.07986171	0.8385479	NEU
53	L	53	1AYI_A	1	0	0	21	0	0	1.292264	0	0	1.292264	MIN
54	I	54	1AYI_A	1	0	0	21	0	0	1.292264	0	0	1.292264	MIN
55	Y	55	1AYI_A	0	0	1	0	0	21	0	0	1.292264	1.292264	MAX
56	Y	56	1AYI_A	0	0	1	0	0	21	0	0	1.292264	1.292264	MAX
57	P	57	1AYI_A	0	0.9047619	0.0952381	0	19	2	0	0.7586862	0.07986171	0.8385479	NEU
58	S	58	1AYI_A	0.3333333	0.6190476	0.04761905	7	13	1	0.04216008	0.07829729	0.006022868	0.1264802	NEU
59	D	59	1AYI_A	0.2857143	0.7142857	0	6	15	0	0.1226125	0.3065312	0	0.4291437	NEU
60	N	60	1AYI_A	0.2857143	0.6190476	0.0952381	6	13	2	0.006998305	0.01516299	0.002332768	0.02449407	NEU
61	R	61	1AYI_A	0.3333333	0.5238095	0.1428571	7	11	3	-0.04192057	-0.06587519	-0.01796596	-0.1257617	NEU
62	D	62	1AYI_A	0.1428571	0.8095238	0.04761905	3	17	1	0.06218122	0.3523603	0.02072707	0.4352686	NEU
63	D	63	1AYI_A	0.3809524	0.6190476	0	8	13	0	0.1270676	0.2064848	0	0.3335524	NEU
64	S	64	1AYI_A	0.0952381	0.9047619	0	2	19	0	0.07986171	0.7586862	0	0.8385479	NEU
65	P	65	1AYI_A	0	0.75	0.25	0	15	5	0	0.3581634	0.1193878	0.4775512	NEU
66	E	66	1AYI_A	0.3	0.7	0	6	14	0	0.1222615	0.2852769	0	0.4075384	NEU
67	G	67	1AYI_A	0.15	0.8	0.05	3	16	1	0.06069684	0.3237165	0.02023228	0.4046456	NEU
68	I	68	1AYI_A	1	0	0	20	0	0	1.288829	0	0	1.288829	MIN
69	V	69	1AYI_A	0.4	0.6	0	8	12	0	0.1271515	0.1907272	0	0.3178787	NEU
70	K	70	1AYI_A	0.75	0.15	0.1	15	3	2	0.1761101	0.03522203	0.02348135	0.2348135	MIN
71	E	71	1AYI_A	0.1904762	0.7142857	0.0952381	4	15	2	0.03176638	0.1191239	0.01588319	0.1667735	NEU
72	I	72	1AYI_A	1	0	0	21	0	0	1.292264	0	0	1.292264	MIN
73	K	73	1AYI_A	0	0.2380952	0.7619048	0	5	16	0	0.1191443	0.3812617	0.5004059	MAX
74	E	74	1AYI_A	0.5238095	0.4285714	0.04761905	11	9	1	0.03696491	0.03024402	0.003360446	0.07056938	MIN
75	W	75	1AYI_A	0	0	1	0	0	20	0	0	1.288829	1.288829	MAX
76	R	76	1AYI_A	0.9	0.1	0	18	2	0	0.7378503	0.08198337	0	0.8198337	MIN
77	A	77	1AYI_A	0.04761905	0.9047619	0.04761905	1	19	1	0.03539571	0.6725184	0.03539571	0.7433098	NEU
78	A	78	1AYI_A	0.4	0.6	0	8	12	0	0.1271515	0.1907272	0	0.3178787	NEU
79	N	79	1AYI_A	0	1	0	0	20	0	0	1.288829	0	1.288829	NEU
80	G	80	1AYI_A	0	0.95	0.05	0	19	1	0	0.9523107	0.05012162	1.002432	NEU
81	K	81	1AYI_A	0.5	0.5	0	2	2	0	0.0001451436	0.0001451436	0	0.0002902872	MIN
82	P	82	1AYI_A	0.5	0.5	0	1	1	0	-0.1801917	-0.1801917	0	-0.3603835	MIN
83	G	83	1AYI_A	0	1	0	0	2	0	0	0.6396165	0	0.6396165	NEU
84	F	84	1AYI_A	0.5	0	0.5	1	0	1	-0.1801917	0	-0.1801917	-0.3603835	MIN
85	K	85	1AYI_A	0	1	0	0	2	0	0	0.6396165	0	0.6396165	NEU
86	Q	86	1AYI_A	0.5	0.5	0	1	1	0	-0.1801917	-0.1801917	0	-0.3603835	MIN
